network Current LCM {
}

variable variable271 {
	type discrete[10] { state0, state1, state2, state3, state4, state5, state6, state7, state8, state9 };
}

variable scm1rue {
	type discrete[4] { s0, s1, s2, s3 };
}

variable scm1lue {
	type discrete[4] { s0, s1, s2, s3 };
}

variable scm2rue {
	type discrete[4] { s0, s1, s2, s3 };
}

variable scm2lue {
	type discrete[4] { s0, s1, s2, s3 };
}

variable scm3rue {
	type discrete[4] { s0, s1, s2, s3 };
}

variable scm3lue {
	type discrete[4] { s0, s1, s2, s3 };
}

variable scm4rue {
	type discrete[4] { s0, s1, s2, s3 };
}

variable scm4lue {
	type discrete[4] { s0, s1, s2, s3 };
}

variable scm5rise {
	type discrete[4] { s0, s1, s2, s3 };
}

variable scm6post {
	type discrete[4] { s0, s1, s2, s3 };
}

variable scm7gait {
	type discrete[4] { s0, s1, s2, s3 };
}

variable scm8spee {
	type discrete[4] { s0, s1, s2, s3 };
}

variable scm9free {
	type discrete[4] { s0, s1, s2, s3 };
}

variable scm10swa {
	type discrete[4] { s0, s1, s2, s3 };
}

variable scm11spe {
	type discrete[4] { s0, s1, s2, s3 };
}

variable scm12fee {
	type discrete[4] { s0, s1, s2, s3 };
}

variable scm13dre {
	type discrete[4] { s0, s1, s2, s3 };
}

variable scm14hyg {
	type discrete[4] { s0, s1, s2, s3 };
}

variable scm15cha {
	type discrete[4] { s0, s1, s2, s3 };
}

variable scm16wal {
	type discrete[4] { s0, s1, s2, s3 };
}

variable scm17han {
	type discrete[4] { s0, s1, s2, s3 };
}

variable scm18dpr {
	type discrete[4] { s0, s1, s2, s3 };
}

variable scm19dsv {
	type discrete[4] { s0, s1, s2, s3 };
}

variable scm20fpr {
	type discrete[4] { s0, s1, s2, s3 };
}

variable scm21fsv {
	type discrete[4] { s0, s1, s2, s3 };
}

variable d1_lightheaded {
	type discrete[13] { s0, s1, s2, s3, s4, s5, s6, s7, s8, s9, s10, s11, s12 };
}

variable d1_fainting {
	type discrete[13] { s0, s1, s2, s3, s4, s5, s6, s7, s8, s9, s10, s11, s12 };
}

variable d2_drowsiness {
	type discrete[13] { s0, s1, s2, s3, s4, s5, s6, s7, s8, s9, s10, s11, s12 };
}

variable d2_fatigue {
	type discrete[13] { s0, s1, s2, s3, s4, s5, s6, s7, s8, s9, s10, s11, s12 };
}

variable d2_insomnia {
	type discrete[13] { s0, s1, s2, s3, s4, s5, s6, s7, s8, s9, s10, s11, s12 };
}

variable d2_rls {
	type discrete[13] { s0, s1, s2, s3, s4, s5, s6, s7, s8, s9, s10, s11, s12 };
}

variable d3_loss_interest {
	type discrete[13] { s0, s1, s2, s3, s4, s5, s6, s7, s8, s9, s10, s11, s12 };
}

variable d3_loss_activities {
	type discrete[13] { s0, s1, s2, s3, s4, s5, s6, s7, s8, s9, s10, s11, s12 };
}

variable d3_anxiety {
	type discrete[13] { s0, s1, s2, s3, s4, s5, s6, s7, s8, s9, s10, s11, s12 };
}

variable d3_depression {
	type discrete[13] { s0, s1, s2, s3, s4, s5, s6, s7, s8, s9, s10, s11, s12 };
}

variable d3_flat_affect {
	type discrete[13] { s0, s1, s2, s3, s4, s5, s6, s7, s8, s9, s10, s11, s12 };
}

variable d3_loss_pleasure {
	type discrete[13] { s0, s1, s2, s3, s4, s5, s6, s7, s8, s9, s10, s11, s12 };
}

variable d4_hallucination {
	type discrete[13] { s0, s1, s2, s3, s4, s5, s6, s7, s8, s9, s10, s11, s12 };
}

variable d4_delusion {
	type discrete[13] { s0, s1, s2, s3, s4, s5, s6, s7, s8, s9, s10, s11, s12 };
}

variable d4_diplopia {
	type discrete[13] { s0, s1, s2, s3, s4, s5, s6, s7, s8, s9, s10, s11, s12 };
}

variable d5_loss_concentration {
	type discrete[13] { s0, s1, s2, s3, s4, s5, s6, s7, s8, s9, s10, s11, s12 };
}

variable d5_forget_explicit {
	type discrete[13] { s0, s1, s2, s3, s4, s5, s6, s7, s8, s9, s10, s11, s12 };
}

variable d5_forget_implicit {
	type discrete[13] { s0, s1, s2, s3, s4, s5, s6, s7, s8, s9, s10, s11, s12 };
}

variable d6_drooling {
	type discrete[13] { s0, s1, s2, s3, s4, s5, s6, s7, s8, s9, s10, s11, s12 };
}

variable d6_swallowing {
	type discrete[13] { s0, s1, s2, s3, s4, s5, s6, s7, s8, s9, s10, s11, s12 };
}

variable d6_constipation {
	type discrete[13] { s0, s1, s2, s3, s4, s5, s6, s7, s8, s9, s10, s11, s12 };
}

variable d7_urinary_urgency {
	type discrete[13] { s0, s1, s2, s3, s4, s5, s6, s7, s8, s9, s10, s11, s12 };
}

variable d7_urinary_frequency {
	type discrete[13] { s0, s1, s2, s3, s4, s5, s6, s7, s8, s9, s10, s11, s12 };
}

variable d7_nocturia {
	type discrete[13] { s0, s1, s2, s3, s4, s5, s6, s7, s8, s9, s10, s11, s12 };
}

variable d8_sex_drive {
	type discrete[13] { s0, s1, s2, s3, s4, s5, s6, s7, s8, s9, s10, s11, s12 };
}

variable d8_sex_dysfunction {
	type discrete[13] { s0, s1, s2, s3, s4, s5, s6, s7, s8, s9, s10, s11, s12 };
}

variable d9_unexplained_pain {
	type discrete[13] { s0, s1, s2, s3, s4, s5, s6, s7, s8, s9, s10, s11, s12 };
}

variable d9_taste_smell {
	type discrete[13] { s0, s1, s2, s3, s4, s5, s6, s7, s8, s9, s10, s11, s12 };
}

variable d9_weight_change {
	type discrete[13] { s0, s1, s2, s3, s4, s5, s6, s7, s8, s9, s10, s11, s12 };
}

variable d9_sweating {
	type discrete[13] { s0, s1, s2, s3, s4, s5, s6, s7, s8, s9, s10, s11, s12 };
}

probability ( variable271 ) {
	table 0.028796084229387255, 0.0017605633807586435, 0.0017605633807586435, 0.38312652601081276, 0.03120561732510414, 0.015792197266764813, 0.06877922669196751, 0.04303527660425932, 0.40109847397371745, 0.024645471136469508;
}

probability ( scm1rue | variable271 ) {
	(state0) 0.051698085462267146, 0.22313622997597146, 0.5700969148678419, 0.15506876969391958;
	(state1) 0.2500000000027382, 0.2500000000268652, 0.24999999998307615, 0.24999999998732048;
	(state2) 0.2500000000027382, 0.2500000000268652, 0.24999999998307615, 0.24999999998732048;
	(state3) 0.45746236361590015, 0.3380146139281496, 0.1704540212036427, 0.034069001252307406;
	(state4) 0.6128299448732094, 0.2396668342085912, 0.09644574887253382, 0.05105747204566557;
	(state5) 0.33173230850676344, 0.08354293415794448, 0.2505781286448678, 0.3341466286904243;
	(state6) 0.5540022567964615, 0.25956890999303567, 0.14022591199173595, 0.046202921218766964;
	(state7) 0.6285758256823636, 0.1530319861287613, 0.1091465161772447, 0.10924567201163034;
	(state8) 0.5235426992530969, 0.3206962581500665, 0.12334188958714404, 0.03241915300969239;
	(state9) 0.2354563239965148, 0.23526186065423554, 0.23516624989030555, 0.29411556545894413;
}

probability ( scm1lue | variable271 ) {
	(state0) 0.05169822408342318, 0.3778934061203804, 0.46706053079156806, 0.10334783900462846;
	(state1) 0.2499999999980922, 0.2500000000354298, 0.24999999998331363, 0.24999999998316436;
	(state2) 0.2499999999980922, 0.2500000000354298, 0.24999999998331363, 0.24999999998316436;
	(state3) 0.5017530934339788, 0.3697630362154065, 0.10816804232600484, 0.020315828024609902;
	(state4) 0.5175913548510642, 0.28943163553975493, 0.14472491301130297, 0.04825209659787781;
	(state5) 0.4152747200038892, 0.167086482247407, 0.3340963857055242, 0.08354241204317948;
	(state6) 0.5049768264020829, 0.2810505888374349, 0.1426420467770839, 0.07133053798339846;
	(state7) 0.4493607272153952, 0.3811112148117602, 0.0963496770086028, 0.07317838096424183;
	(state8) 0.5763243946575924, 0.2592098150671209, 0.13193140820694016, 0.0325343820683466;
	(state9) 0.23545631790776286, 0.17633799213549742, 0.2941281291350853, 0.29407756082165426;
}

probability ( scm2rue | variable271 ) {
	(state0) 0.051698101614402324, 0.25319571078217834, 0.5401179213405113, 0.15498826626290804;
	(state1) 0.24999999999739098, 0.25000000003219364, 0.2499999999833245, 0.24999999998709105;
	(state2) 0.24999999999739098, 0.25000000003219364, 0.2499999999833245, 0.24999999998709105;
	(state3) 0.4662289369236643, 0.4055723802479264, 0.11898496604668624, 0.009213716781723152;
	(state4) 0.6127943882417269, 0.2878963379146879, 0.051051167058411374, 0.04825810678517374;
	(state5) 0.33173240493590034, 0.16703613927807565, 0.417689042888819, 0.08354241289720513;
	(state6) 0.5064055804101869, 0.39955463200057434, 0.07022207042036704, 0.023817717168871735;
	(state7) 0.45928251206040477, 0.3588051313661632, 0.07266365230373246, 0.10924870426969953;
	(state8) 0.5353050021905632, 0.37692488675634994, 0.06191909724712953, 0.025851013805957432;
	(state9) 0.2942841087014671, 0.17643407252108473, 0.3527969830825791, 0.17648483569486895;
}

probability ( scm2lue | variable271 ) {
	(state0) 0.05174834854064439, 0.4603337658901206, 0.3845927082531768, 0.10332517731605827;
	(state1) 0.2500000000014216, 0.2500000000321017, 0.24999999998318995, 0.2499999999832867;
	(state2) 0.2500000000014216, 0.2500000000321017, 0.24999999998318995, 0.2499999999832867;
	(state3) 0.48593231857023067, 0.4181479644231029, 0.08232065676922934, 0.013599060237437207;
	(state4) 0.5191889057408181, 0.384308051611437, 0.04825163452588637, 0.048251408121858505;
	(state5) 0.4988218540056692, 0.33409331715162277, 0.0835424169751359, 0.08354241186757223;
	(state6) 0.48120537131421054, 0.35209539011069746, 0.1191555599291731, 0.047543678645918935;
	(state7) 0.5222955420608018, 0.33203715305212084, 0.07279117174176833, 0.07287613314530902;
	(state8) 0.5826259306812389, 0.31606371739247646, 0.0839818433505849, 0.017328508575699782;
	(state9) 0.29428409788336796, 0.1763004840766612, 0.29410229506591784, 0.235313122974053;
}

probability ( scm3rue | variable271 ) {
	(state0) 0.051663098728931954, 0.15420897129235986, 0.6391123636494402, 0.1550155663292679;
	(state1) 0.24999999998352684, 0.25000000000044503, 0.25000000003226835, 0.24999999998375977;
	(state2) 0.24999999998352684, 0.25000000000044503, 0.25000000003226835, 0.24999999998375977;
	(state3) 0.16766079600572945, 0.4947141882168726, 0.31383619347225655, 0.023788822305141455;
	(state4) 0.24127132991401215, 0.3416707923059607, 0.3295180198110909, 0.08753985796893618;
	(state5) 0.08354241365546503, 0.08354327691519425, 0.41768046720117746, 0.4152338422281632;
	(state6) 0.0713041242458843, 0.3284875960664674, 0.523788126005405, 0.07642015368224335;
	(state7) 0.23071785842595877, 0.628118247256911, 0.1047260722186065, 0.03643782209852367;
	(state8) 0.2845446648785378, 0.5793871795787466, 0.12847806958654961, 0.007590085956165889;
	(state9) 0.05882827857306898, 0.11761854875344024, 0.35292646153932994, 0.4706267111341608;
}

probability ( scm3lue | variable271 ) {
	(state0) 0.051663098772130094, 0.14875979635095318, 0.6300709752928391, 0.16950612958407782;
	(state1) 0.2500000000007428, 0.24999999998313815, 0.2500000000281084, 0.2499999999880108;
	(state2) 0.2500000000007428, 0.24999999998313815, 0.2500000000281084, 0.2499999999880108;
	(state3) 0.11584654438047559, 0.5089517524159601, 0.3335141658104616, 0.041687537393102554;
	(state4) 0.10044570056078884, 0.5149036239699565, 0.2396794837898512, 0.14497119167940345;
	(state5) 0.1670852806342174, 0.25060818907022353, 0.41763804796603454, 0.16466848232952466;
	(state6) 0.11644536590587877, 0.12488928521410535, 0.5200340825328691, 0.23863126634714674;
	(state7) 0.26904499134441917, 0.3456293815093886, 0.3124508505345652, 0.0728747766116271;
	(state8) 0.2906048355072491, 0.5000676078667771, 0.18979420505486358, 0.01953335157111024;
	(state9) 0.058828278573094944, 0.058828278566369754, 0.35292694105291905, 0.5294165018076162;
}

probability ( scm4rue | variable271 ) {
	(state0) 0.05397094533622635, 0.09704180598093376, 0.7315060701696486, 0.11748117851319129;
	(state1) 0.25000000002709183, 0.2500000000009547, 0.2499999999888094, 0.2499999999831441;
	(state2) 0.25000000002709183, 0.2500000000009547, 0.2499999999888094, 0.2499999999831441;
	(state3) 0.16891768228694434, 0.48340320782428353, 0.3262737763640958, 0.021405333524676266;
	(state4) 0.19316965879453524, 0.33961612555603543, 0.36808902823620865, 0.09912518741322073;
	(state5) 0.08354283382623606, 0.164669341519835, 0.6682454128262768, 0.0835424118276521;
	(state6) 0.11667407817251027, 0.28689771463808444, 0.5023481466806003, 0.09408006050880477;
	(state7) 0.12330258137217905, 0.7303907907249044, 0.10986880052887502, 0.03643782737404148;
	(state8) 0.25731300432891346, 0.5777243981026641, 0.15200172819383168, 0.012960869374590863;
	(state9) 0.058828278574095845, 0.11761906669981141, 0.4705829594401356, 0.3529696952859572;
}

probability ( scm4lue | variable271 ) {
	(state0) 0.05397089023045191, 0.14876186161226435, 0.6430589343889752, 0.1542083137683085;
	(state1) 0.2500000000443511, 0.24999999998784012, 0.249999999984449, 0.24999999998335976;
	(state2) 0.2500000000443511, 0.24999999998784012, 0.249999999984449, 0.24999999998335976;
	(state3) 0.16760920884306119, 0.4876175237916192, 0.3401266144949877, 0.004646652870331858;
	(state4) 0.19709280130871495, 0.5148634974968281, 0.14386927753273257, 0.14417442366172445;
	(state5) 0.0835432889622988, 0.41769297197650274, 0.415221326378512, 0.08354241268268649;
	(state6) 0.1618117053006866, 0.19523350185807384, 0.523791799225297, 0.11916299361594268;
	(state7) 0.26368800544270976, 0.5202226788031867, 0.1432137406904636, 0.07287557506363984;
	(state8) 0.3329370080584586, 0.4782188095795947, 0.1672265353494865, 0.021617647012460137;
	(state9) 0.0588282785743693, 0.058828279358214254, 0.41175520011856975, 0.4705882419488466;
}

probability ( scm5rise | variable271 ) {
	(state0) 0.10304232383609536, 0.6244586243697855, 0.1550567767543187, 0.11744227503980037;
	(state1) 0.24999999998723665, 0.25000000003138556, 0.24999999999747807, 0.2499999999838997;
	(state2) 0.24999999998723665, 0.25000000003138556, 0.24999999999747807, 0.2499999999838997;
	(state3) 0.3853400359504218, 0.5249889850003755, 0.07287881595529981, 0.01679216309390291;
	(state4) 0.195859861537471, 0.43000265399846344, 0.28659655380746707, 0.08754093065659856;
	(state5) 0.4176790966209716, 0.16709536155456758, 0.2505570586958855, 0.16466848312857527;
	(state6) 0.09374800201483396, 0.21105236529018467, 0.42808193381595216, 0.2671176988790292;
	(state7) 0.4159386802586613, 0.3299040770324768, 0.2177012279413992, 0.03645601476746274;
	(state8) 0.8689563036356854, 0.11372549865285321, 0.012985885101436953, 0.0043323126100243605;
	(state9) 0.05882830279060606, 0.17633221984018643, 0.353066831723308, 0.4117726456458995;
}

probability ( scm6post | variable271 ) {
	(state0) 0.10304177189825488, 0.6284191466645623, 0.20233860681972415, 0.06620047461745861;
	(state1) 0.25000000000076716, 0.24999999998770323, 0.25000000002784817, 0.2499999999836816;
	(state2) 0.25000000000076716, 0.24999999998770323, 0.25000000002784817, 0.2499999999836816;
	(state3) 0.39309164315243195, 0.45454105097973724, 0.1446246825598917, 0.007742623307938967;
	(state4) 0.1969498081507382, 0.32997351728747987, 0.33728437362504515, 0.1357923009367367;
	(state5) 0.1670615569919406, 0.4177029252282988, 0.25056703233693967, 0.16466848544282084;
	(state6) 0.11650449508123067, 0.1670316816913416, 0.49716698698323153, 0.21929683624419608;
	(state7) 0.6471908093082577, 0.2069063231565505, 0.10944760484732033, 0.03645526268787143;
	(state8) 0.8861269574418095, 0.08671821470299317, 0.022822515671948825, 0.0043323121832484195;
	(state9) 0.05882830279077846, 0.17632473679015115, 0.4119026131353172, 0.35294434728375323;
}

probability ( scm7gait | variable271 ) {
	(state0) 0.05166311395761661, 0.5212358847316819, 0.360923188850202, 0.06617781246049942;
	(state1) 0.24999999998310868, 0.25000000003580714, 0.2499999999975931, 0.2499999999834911;
	(state2) 0.24999999998310868, 0.25000000003580714, 0.2499999999975931, 0.2499999999834911;
	(state3) 0.12840972120456734, 0.646645318550424, 0.2172086965457213, 0.007736263699287315;
	(state4) 0.09650383838333558, 0.5741335147884754, 0.24261827262279795, 0.08674437420539113;
	(state5) 0.08354241359344912, 0.5012352220997661, 0.3316799501933519, 0.08354241411343286;
	(state6) 0.02377185465215222, 0.1404537162835901, 0.6880546566416618, 0.14771977242259587;
	(state7) 0.10620932647331317, 0.7472440547469005, 0.11009137720154787, 0.03645524157823843;
	(state8) 0.5708071091911435, 0.415636166683329, 0.009224411942279208, 0.004332312183248393;
	(state9) 0.05882827856525264, 0.11750971388268328, 0.47069233325103316, 0.352969674301031;
}

probability ( scm8spee | variable271 ) {
	(state0) 0.053815557560040535, 0.7914143418622482, 0.10310700306430826, 0.051663097513402985;
	(state1) 0.24999999998315642, 0.2500000000450929, 0.24999999998798778, 0.24999999998376293;
	(state2) 0.24999999998315642, 0.2500000000450929, 0.24999999998798778, 0.24999999998376293;
	(state3) 0.12808435667090332, 0.7179026883189216, 0.14043635880462044, 0.013576596205554552;
	(state4) 0.04825235807360193, 0.4820312897082316, 0.42146406413282844, 0.04825228808533803;
	(state5) 0.16708439103945122, 0.5823098893982206, 0.16706330611182033, 0.0835424134505079;
	(state6) 0.023771830911287976, 0.2587348395446977, 0.6461780460387316, 0.07131528350528261;
	(state7) 0.036924903941107944, 0.8180425441761896, 0.10859269500361754, 0.036439856879084936;
	(state8) 0.5401845038531174, 0.4289234914880644, 0.017874671260554687, 0.01301733339826354;
	(state9) 0.05882827856501324, 0.1176565669271756, 0.6470298226997743, 0.17648533180803685;
}

probability ( scm9free | variable271 ) {
	(state0) 0.06063805449187473, 0.3577481785693453, 0.4786473035120642, 0.10296646342671567;
	(state1) 0.24999999998722466, 0.25000000002675987, 0.2500000000020544, 0.24999999998396083;
	(state2) 0.24999999998722466, 0.25000000002675987, 0.2500000000020544, 0.24999999998396083;
	(state3) 0.389966741268763, 0.42951592371065683, 0.15787495258527856, 0.022642382435301613;
	(state4) 0.5259525821723591, 0.18419334106736646, 0.19336212996353447, 0.09649194679673993;
	(state5) 0.3341494155551785, 0.4152343845103128, 0.08355303625839171, 0.16706316367611687;
	(state6) 0.09549370795959784, 0.16914245480075144, 0.47361060016187123, 0.2617532370777794;
	(state7) 0.636498735061916, 0.18048700869198792, 0.14654485622830601, 0.03646940001779002;
	(state8) 0.9202175007673923, 0.05831754175392774, 0.017132642136290444, 0.004332315342389672;
	(state9) 0.05882827857313067, 0.05882828761048823, 0.4705313934639451, 0.4118120403524358;
}

probability ( scm10swa | variable271 ) {
	(state0) 0.17989973832901648, 0.7167698212865001, 0.05166734287246046, 0.05166309751202313;
	(state1) 0.24999999999679895, 0.2500000000364993, 0.24999999998356226, 0.2499999999831395;
	(state2) 0.24999999999679895, 0.2500000000364993, 0.24999999998356226, 0.2499999999831395;
	(state3) 0.617353405165914, 0.3110306281571014, 0.06708286995649483, 0.0045330967204898435;
	(state4) 0.5295863680195366, 0.3228744602607419, 0.099287779477411, 0.04825139224231053;
	(state5) 0.5822993313886453, 0.16709509117810914, 0.16706316562146223, 0.08354241181178329;
	(state6) 0.26214255969039146, 0.43264374502529107, 0.2576717760582689, 0.047541919226048536;
	(state7) 0.40072847026561303, 0.48988980898452433, 0.07294393297296045, 0.03643778777690211;
	(state8) 0.8679757945022392, 0.10472451588332267, 0.02296738322808271, 0.004332306386355438;
	(state9) 0.17645902274730843, 0.35290064989669373, 0.35298377022602234, 0.11765655712997557;
}

probability ( scm11spe | variable271 ) {
	(state0) 0.12643491989378677, 0.7248675592119783, 0.09703442338074046, 0.05166309751349466;
	(state1) 0.24999999998345757, 0.25000000004544404, 0.24999999998755396, 0.2499999999835446;
	(state2) 0.24999999998345757, 0.25000000004544404, 0.24999999998755396, 0.2499999999835446;
	(state3) 0.21718298373225642, 0.6042043660356207, 0.16503616988657047, 0.013576480345552373;
	(state4) 0.1447553900704129, 0.3383909092654177, 0.468601412360978, 0.048252288303191455;
	(state5) 0.16709786304115035, 0.5822965266581859, 0.1670631968501657, 0.08354241345049805;
	(state6) 0.02406796510551557, 0.37386492218204737, 0.530751830022892, 0.07131528268954503;
	(state7) 0.14601744332359293, 0.6851937613549557, 0.1323489369511428, 0.03643985837030857;
	(state8) 0.6135357908119284, 0.35593294424560534, 0.017513821007538597, 0.01301744393492768;
	(state9) 0.05882827863409511, 0.1764591268283129, 0.6470555392401319, 0.11765705529746005;
}

probability ( scm12fee | variable271 ) {
	(state0) 0.05166309776343953, 0.5638060496676867, 0.33286770350742706, 0.05166314906144676;
	(state1) 0.24999999998346178, 0.25000000004472883, 0.24999999998804612, 0.2499999999837632;
	(state2) 0.24999999998346178, 0.25000000004472883, 0.24999999998804612, 0.2499999999837632;
	(state3) 0.1481037360800266, 0.713854674023091, 0.13350747909680938, 0.004534110800073182;
	(state4) 0.24121945520486338, 0.3348703896991464, 0.37565874952082423, 0.04825140557516611;
	(state5) 0.08354272343709088, 0.5011883996568087, 0.3317264650919907, 0.08354241181410964;
	(state6) 0.023773279332101483, 0.2798550478671036, 0.5537431512050675, 0.1426285215957276;
	(state7) 0.19949914719399509, 0.6547642200660093, 0.10929884397089673, 0.03643778876909896;
	(state8) 0.6318738891896958, 0.3375672371604488, 0.021895142055154918, 0.008663731594700462;
	(state9) 0.05882827856503234, 0.11761854947882883, 0.411754737612853, 0.4117984343432859;
}

probability ( scm13dre | variable271 ) {
	(state0) 0.05166309752240503, 0.47687288549987616, 0.41977825781131667, 0.05168575916640218;
	(state1) 0.24999999998315636, 0.25000000004112755, 0.24999999999254197, 0.24999999998317413;
	(state2) 0.24999999998315636, 0.25000000004112755, 0.24999999999254197, 0.24999999998317413;
	(state3) 0.040279769795862355, 0.736994816972068, 0.2181923250978857, 0.004533088134183785;
	(state4) 0.09647620560327423, 0.4329876929264285, 0.4222846995579228, 0.0482514019123745;
	(state5) 0.08354241190781116, 0.33416010468390506, 0.49875506941861053, 0.08354241398967333;
	(state6) 0.02377327706094053, 0.13957010783976137, 0.5989405388572289, 0.2377160762420692;
	(state7) 0.10978783476991709, 0.6352360561361328, 0.21853754235559655, 0.03643856673835357;
	(state8) 0.5203148151413871, 0.45445603705977305, 0.020896841412337403, 0.004332306386502397;
	(state9) 0.0588282785650054, 0.17644585050635864, 0.35295372842834233, 0.41177214250029365;
}

probability ( scm14hyg | variable271 ) {
	(state0) 0.051663097691367225, 0.5281636337156438, 0.36851017093355865, 0.051663097659430474;
	(state1) 0.24999999998346162, 0.2500000000402698, 0.24999999999248212, 0.24999999998378647;
	(state2) 0.24999999998346162, 0.2500000000402698, 0.24999999999248212, 0.24999999998378647;
	(state3) 0.0758814513372407, 0.7931124856850376, 0.1264728566584549, 0.00453320631926673;
	(state4) 0.19296200472977273, 0.38386642548212413, 0.3268459483580274, 0.09632562143007585;
	(state5) 0.08354241332703347, 0.7493726189772818, 0.08354255386463157, 0.08354241383105325;
	(state6) 0.023773273224377313, 0.11620575226091204, 0.6697620862876631, 0.19025888822704762;
	(state7) 0.21198664397401673, 0.5711822789466503, 0.18039251034167422, 0.036438566737658745;
	(state8) 0.5564519188368026, 0.43025818991561315, 0.008957584861081806, 0.004332306386502397;
	(state9) 0.058828278565005415, 0.05884236227493421, 0.4705309195206998, 0.4117984396393606;
}

probability ( scm15cha | variable271 ) {
	(state0) 0.05381559932185689, 0.4710311270644312, 0.42349017552184026, 0.0516630980918718;
	(state1) 0.24999999998316036, 0.2500000000006302, 0.25000000002777567, 0.24999999998843392;
	(state2) 0.24999999998316036, 0.2500000000006302, 0.25000000002777567, 0.24999999998843392;
	(state3) 0.11306923309843274, 0.6874700755176651, 0.19492749689376532, 0.004533194490136821;
	(state4) 0.14056587808128249, 0.3870998839674162, 0.3762348010167809, 0.09609943693452043;
	(state5) 0.08354244599001034, 0.5012351988810541, 0.3316799410774323, 0.08354241405150328;
	(state6) 0.023772661843915438, 0.047149767711910096, 0.6198475564573369, 0.3092300139868375;
	(state7) 0.1467008621238043, 0.706264256772351, 0.11059708140780428, 0.03643779969604043;
	(state8) 0.6371703709333354, 0.3458482235939987, 0.01264909908631039, 0.004332306386355438;
	(state9) 0.05882827856500491, 0.17632473599622572, 0.35304852072160686, 0.4117984647171626;
}

probability ( scm16wal | variable271 ) {
	(state0) 0.05166320763120124, 0.6308061776084399, 0.2658675167333195, 0.05166309802703933;
	(state1) 0.24999999998315692, 0.2500000000449975, 0.24999999998835376, 0.24999999998349176;
	(state2) 0.24999999998315692, 0.2500000000449975, 0.24999999998835376, 0.24999999998349176;
	(state3) 0.0695663836762047, 0.7723416222942638, 0.1535528688238462, 0.004539125205685448;
	(state4) 0.04825616770137036, 0.47952700480553023, 0.4231678700252249, 0.04904895746787476;
	(state5) 0.08354241345843366, 0.584725931955236, 0.16706317226470235, 0.16466848232162798;
	(state6) 0.02377184649451506, 0.11560362598612038, 0.6464281822356119, 0.21419634528375253;
	(state7) 0.07421746728125074, 0.7075211862842643, 0.18180610678205703, 0.03645523965242787;
	(state8) 0.5528699791316078, 0.4340096654145667, 0.00878804906747005, 0.00433230638635547;
	(state9) 0.058828278565004895, 0.11776441598181384, 0.41160935488361333, 0.4117979505695678;
}

probability ( scm17han | variable271 ) {
	(state0) 0.051663097514433, 0.42172467868308877, 0.3720226104478268, 0.15458961335465127;
	(state1) 0.24999999998315625, 0.2499999999837923, 0.25000000004565964, 0.2499999999873918;
	(state2) 0.24999999998315625, 0.2499999999837923, 0.25000000004565964, 0.2499999999873918;
	(state3) 0.03062496053680615, 0.6277852460901687, 0.30982794554039905, 0.03176184783262604;
	(state4) 0.09648046528196243, 0.5240089112065195, 0.3304559083447661, 0.04905471516675204;
	(state5) 0.08354272200204108, 0.41763020125755007, 0.3341585958680663, 0.16466848087234265;
	(state6) 0.02377182810563634, 0.14590447878519472, 0.5685455080701234, 0.2617781850390456;
	(state7) 0.036840129510272955, 0.6805681463790745, 0.17336126582354938, 0.10923045828710312;
	(state8) 0.33026499324885045, 0.5834030654254648, 0.07332012066900277, 0.013011820656682003;
	(state9) 0.05882827856503183, 0.05882877673430423, 0.41174255690732303, 0.47060038779334096;
}

probability ( scm18dpr | variable271 ) {
	(state0) 0.21483053384971448, 0.4154544149626585, 0.11798259755713149, 0.25173245363049557;
	(state1) 0.24999999998415784, 0.2500000000444418, 0.2499999999881134, 0.24999999998328715;
	(state2) 0.24999999998415784, 0.2500000000444418, 0.2499999999881134, 0.24999999998328715;
	(state3) 0.4854708005153184, 0.339693168464541, 0.12033872101016643, 0.054497310009974195;
	(state4) 0.706397048925789, 0.09780112198826055, 0.1475501537430415, 0.04825167534290884;
	(state5) 0.33173539792360596, 0.41763776436752775, 0.1670844247969302, 0.0835424129119362;
	(state6) 0.3641671783467453, 0.35094153582262055, 0.2135889183393015, 0.07130236749133277;
	(state7) 0.8213109760328713, 0.1045685546295259, 0.037509044952667804, 0.03661142438493499;
	(state8) 0.9022764416723588, 0.07520280463813545, 0.009089601792805853, 0.013431151896699897;
	(state9) 0.11777342397243698, 0.176447308610517, 0.3528095742386732, 0.3529696931783727;
}

probability ( scm19dsv | variable271 ) {
	(state0) 0.214807872195879, 0.4236804278629471, 0.15502479945429815, 0.20648690048687585;
	(state1) 0.24999999998455208, 0.2500000000270796, 0.2500000000052923, 0.24999999998307593;
	(state2) 0.24999999998455208, 0.2500000000270796, 0.2500000000052923, 0.24999999998307593;
	(state3) 0.48547264769701687, 0.3342097135291667, 0.13516583810036947, 0.04515180067344707;
	(state4) 0.7063970471307235, 0.14488473080357087, 0.09766747568708149, 0.051050746378624265;
	(state5) 0.3317353977498894, 0.3341037372880107, 0.2506184507914385, 0.08354241417066141;
	(state6) 0.38793879677169113, 0.257206463895464, 0.2611365115510131, 0.09371822778183174;
	(state7) 0.82131097504261, 0.06764041168153792, 0.07460954543257253, 0.03643906784327956;
	(state8) 0.9109392892347451, 0.06667054332635396, 0.013534773393952794, 0.008855394044948232;
	(state9) 0.05897146887865169, 0.05882828392013046, 0.5293773960099212, 0.3528228511912968;
}

probability ( scm20fpr | variable271 ) {
	(state0) 0.12644976065960847, 0.2602122871564577, 0.4586430948860785, 0.15469485729785534;
	(state1) 0.24999999998316547, 0.25000000004431694, 0.24999999998888056, 0.24999999998363703;
	(state2) 0.24999999998316547, 0.25000000004431694, 0.24999999998888056, 0.24999999998363703;
	(state3) 0.2198487587019611, 0.5568500806187308, 0.2006197381446516, 0.022681422534656607;
	(state4) 0.2289457869982331, 0.29154102516233615, 0.43125724585987263, 0.04825594197955815;
	(state5) 0.08354253812929988, 0.41527781973298744, 0.3341164801558968, 0.1670631619818158;
	(state6) 0.10050035160943951, 0.2843836300448759, 0.47245785369134796, 0.14265816465433653;
	(state7) 0.6936382416548534, 0.23344986277761162, 0.03645292633966676, 0.03645896922786817;
	(state8) 0.8233179820634184, 0.15912864312772235, 0.01322099357283278, 0.004332381236026459;
	(state9) 0.05882827857279593, 0.17647156705589223, 0.23523154008191563, 0.5294686142893963;
}

probability ( scm21fsv | variable271 ) {
	(state0) 0.07514401387327937, 0.25803098217201975, 0.5120011714366444, 0.15482383251805656;
	(state1) 0.24999999998316547, 0.2499999999875363, 0.250000000045654, 0.2499999999836442;
	(state2) 0.24999999998316547, 0.2499999999875363, 0.250000000045654, 0.2499999999836442;
	(state3) 0.21906697682913326, 0.46897163481883636, 0.2847410262794057, 0.02722036207262478;
	(state4) 0.22897342527034664, 0.048263932393311906, 0.6238187417512842, 0.09894390058505732;
	(state5) 0.08354253815696168, 0.3341033165089582, 0.4152909821129785, 0.1670631632211016;
	(state6) 0.10050035088169966, 0.2592146216469816, 0.308684143449746, 0.33160088402157273;
	(state7) 0.7539356836621053, 0.17052689347109565, 0.039077064833315606, 0.03646035803348338;
	(state8) 0.8428574573504012, 0.12979253901363072, 0.018686195623254836, 0.00866380801271329;
	(state9) 0.05882827857279593, 0.058828782148282466, 0.41184196269763984, 0.47050097658128176;
}

probability ( d1_lightheaded | variable271 ) {
	(state0) 0.21744993246304622, 0.14091971696957178, 0.11113632241516247, 0.03526568828149961, 0.1411622265898037, 0.035265686232222655, 0.07053137253906151, 0.035265686232222655, 0.03684102428845354, 0.07033919430436474, 0.035265686232222655, 0.035265686232222655, 0.03529177722014596;
	(state1) 0.07692307692152878, 0.0769230769216, 0.07692307692163272, 0.07692307692416378, 0.07692307692169442, 0.07692307692147392, 0.07692307692559767, 0.07692307692147392, 0.07692307693491614, 0.07692307692147478, 0.07692307692147392, 0.07692307692147392, 0.07692307692149612;
	(state2) 0.07692307692152878, 0.0769230769216, 0.07692307692163272, 0.07692307692416378, 0.07692307692169442, 0.07692307692147392, 0.07692307692559767, 0.07692307692147392, 0.07692307693491614, 0.07692307692147478, 0.07692307692147392, 0.07692307692147392, 0.07692307692149612;
	(state3) 0.5988884877970012, 0.16342546752896778, 0.057186928981884905, 0.04334535085353084, 0.057736875981446265, 0.004355099732648858, 0.02633105425120168, 0.004355099732648858, 0.013887671045568274, 0.008734997646990919, 0.004355099732648858, 0.004355099732648858, 0.01304276698281268;
	(state4) 0.16587664020420412, 0.10080088344139049, 0.19935580048738782, 0.06896224214192094, 0.06726933568195945, 0.03364195267475313, 0.03444152056663869, 0.03364195267475313, 0.10098107993186067, 0.03364195293378012, 0.03364195267475313, 0.03364195267475313, 0.09410273391184525;
	(state5) 0.18936162586365138, 0.09537449057068957, 0.047687246563772365, 0.04768724596051361, 0.14302694030865298, 0.04768724481285746, 0.14304945287335075, 0.04768724481285746, 0.04768952778966409, 0.04768724598057384, 0.04768724481285746, 0.04768724481285746, 0.04768724483770148;
	(state6) 0.3547857623708788, 0.13516355247122405, 0.059355770612533956, 0.09696925933490429, 0.09790415331403833, 0.01958227070330033, 0.07745539493051651, 0.01958227070330033, 0.037327913373286926, 0.01958227122852929, 0.01958227070330033, 0.01958227070330033, 0.04312683955088655;
	(state7) 0.23541631083270295, 0.03675825514757876, 0.049548851263987954, 0.08329981836588632, 0.15509525894443982, 0.02743933107488111, 0.08163134540736579, 0.02743933107488111, 0.1385288155306601, 0.05487812654507436, 0.02743933107488111, 0.02743933107488111, 0.05508589366277947;
	(state8) 0.6701619407563062, 0.13860467902011064, 0.06652758023414361, 0.02505863023120865, 0.03373518412635956, 0.0041697256257359075, 0.012508609580526034, 0.0041697256257359075, 0.015886869520316114, 0.004169726335883335, 0.0041697256257359075, 0.0041697256257359075, 0.016667877692202147;
	(state9) 0.07692715400600506, 0.03846389562828305, 0.11539069042143632, 0.03846356926110364, 0.2691913145435687, 0.038463568738062386, 0.07693633983889814, 0.038463568738062386, 0.038463568738225984, 0.076918470556915, 0.038463568738062386, 0.038463568738062386, 0.11539072205331476;
}

probability ( d1_fainting | variable271 ) {
	(state0) 0.4387767888057273, 0.13798819783966337, 0.0352811556529532, 0.03526572105286169, 0.0705547021354783, 0.035265686232222655, 0.035273630887757555, 0.035265686232222655, 0.035265686232222655, 0.035265686232222655, 0.035265686232222655, 0.035265686232222655, 0.035265686232222655;
	(state1) 0.07692307693788453, 0.076923076921474, 0.07692307692561542, 0.07692307692147513, 0.0769230769217067, 0.07692307692147392, 0.07692307692152688, 0.07692307692147392, 0.07692307692147392, 0.07692307692147392, 0.07692307692147392, 0.07692307692147392, 0.07692307692147392;
	(state2) 0.07692307693788453, 0.076923076921474, 0.07692307692561542, 0.07692307692147513, 0.0769230769217067, 0.07692307692147392, 0.07692307692152688, 0.07692307692147392, 0.07692307692147392, 0.07692307692147392, 0.07692307692147392, 0.07692307692147392, 0.07692307692147392;
	(state3) 0.870434022156173, 0.05553142539538685, 0.013062832648323638, 0.008711218562634022, 0.01741970337133719, 0.004355099732648858, 0.004355099737603199, 0.004355099732648858, 0.004355099732648858, 0.004355099732648858, 0.004355099732648858, 0.004355099732648858, 0.004355099732648858;
	(state4) 0.5349863598707635, 0.0941214042291356, 0.03447262774073415, 0.0336419770089061, 0.03364199571756839, 0.03364195267475313, 0.03364196670962029, 0.03364195267475313, 0.03364195267475313, 0.03364195267475313, 0.03364195267475313, 0.03364195267475313, 0.03364195267475313;
	(state5) 0.3800778222051289, 0.047687266659832216, 0.04768750558801788, 0.04768724483559471, 0.04768732133503583, 0.047687244812857466, 0.09536212568638823, 0.047687244812857466, 0.047687244812857466, 0.047687244812857466, 0.047687244812857466, 0.047687244812857466, 0.047687244812857466;
	(state6) 0.6836329099963178, 0.023543509769320833, 0.03830901735449109, 0.019582270875703103, 0.05869347777390936, 0.01958227070330033, 0.03916291930715566, 0.01958227070330033, 0.01958227070330033, 0.01958227070330033, 0.01958227070330033, 0.01958227070330033, 0.01958227070330033;
	(state7) 0.5602677235231743, 0.055009814263081644, 0.055451079763540356, 0.05487874978279638, 0.027439331076976926, 0.02743933107488111, 0.05487798406626256, 0.02743933107488111, 0.02743933107488111, 0.02743933107488111, 0.02743933107488111, 0.02743933107488111, 0.02743933107488111;
	(state8) 0.9027171997243164, 0.030570259207031394, 0.00833671262563172, 0.012508180668842829, 0.00834011714838502, 0.0041697256257359075, 0.008339451245641272, 0.0041697256257359075, 0.0041697256257359075, 0.0041697256257359075, 0.0041697256257359075, 0.0041697256257359075, 0.0041697256257359075;
	(state9) 0.19222216221052038, 0.038463568738129415, 0.15381253731859634, 0.03846356873806238, 0.1539334788339475, 0.03846356873806238, 0.1538597029943074, 0.03846356873806238, 0.03846356873806238, 0.03846356873806238, 0.03846356873806238, 0.03846356873806238, 0.03846356873806238;
}

probability ( d2_drowsiness | variable271 ) {
	(state0) 0.18376512362652916, 0.10445592909744639, 0.10549950406322196, 0.03526568642317585, 0.207398739049303, 0.03526568623222265, 0.07025179793364851, 0.03526568623222265, 0.04674890831855167, 0.035265716027804726, 0.03526568623222265, 0.03526568623222265, 0.07028585053142812;
	(state1) 0.07692307692150929, 0.0769230769257565, 0.07692307692156561, 0.07692307692271165, 0.07692307692154424, 0.0769230769214739, 0.0769230769214975, 0.0769230769214739, 0.07692307693504545, 0.07692307692148109, 0.0769230769214739, 0.0769230769214739, 0.07692307692299298;
	(state2) 0.07692307692150929, 0.0769230769257565, 0.07692307692156561, 0.07692307692271165, 0.07692307692154424, 0.0769230769214739, 0.0769230769214975, 0.0769230769214739, 0.07692307693504545, 0.07692307692148109, 0.0769230769214739, 0.0769230769214739, 0.07692307692299298;
	(state3) 0.45204599153956326, 0.14288694711225589, 0.07611548353063519, 0.08198480895329238, 0.13220076106405795, 0.004355099732648857, 0.052272093044399844, 0.004355099732648857, 0.023072378949131573, 0.004507598300255621, 0.004355099732648857, 0.004355099732648857, 0.017493538575812716;
	(state4) 0.1661952014787454, 0.034441298953903576, 0.06730696739994833, 0.06729098157181371, 0.20172615757715673, 0.03364195267475313, 0.16814335243777612, 0.03364195267475313, 0.033740019150120426, 0.06610881030729532, 0.03364195267475313, 0.03364195267475313, 0.06047940042422782;
	(state5) 0.14165444487796747, 0.047687599248360565, 0.04768724488976153, 0.04768724665121791, 0.14304152574917647, 0.04768724481285746, 0.19074374072986933, 0.04768724481285746, 0.04768748306149987, 0.09537449069819966, 0.04768724481285746, 0.04768724481285746, 0.0476872448425173;
	(state6) 0.1961765875263171, 0.07548625269846915, 0.09785266109635256, 0.09820329084139799, 0.11868627919925182, 0.01958227070330033, 0.01958629396915252, 0.01958227070330033, 0.09631577215224368, 0.03916523627845201, 0.01958227070330033, 0.01958227070330033, 0.18019854342516178;
	(state7) 0.2869384596695452, 0.028013268362685327, 0.05486666200825716, 0.05483231246413928, 0.10757935987337248, 0.027439331074881116, 0.08237016594843723, 0.027439331074881116, 0.08356206703700234, 0.08231441888124537, 0.027439331074881116, 0.027439331074881116, 0.10976596145579137;
	(state8) 0.6196475674263547, 0.06808056785937097, 0.06060491845783009, 0.04654063261689627, 0.08668398308898015, 0.004169725625735908, 0.05006017515556281, 0.004169725625735908, 0.022557418461897814, 0.016678932461168063, 0.004169725625735908, 0.004169725625735908, 0.012466901968995543;
	(state9) 0.07692716609425519, 0.03854275678102292, 0.0769022864946068, 0.038463568772830456, 0.19221413553683114, 0.03846356873806237, 0.26923631426010336, 0.03846356873806237, 0.03846389444898978, 0.038463572200231604, 0.03846356873806237, 0.03846356873806237, 0.07693203045887917;
}

probability ( d2_fatigue | variable271 ) {
	(state0) 0.15243940923782906, 0.1410143954505541, 0.0702820447140921, 0.035265686276254725, 0.170436686193436, 0.03526568623222265, 0.11174385439585084, 0.03526568623222265, 0.036866503306393135, 0.035265719968924115, 0.03526568623222265, 0.03526568623222265, 0.10562295552777533;
	(state1) 0.07692307692147532, 0.07692307692147614, 0.07692307692147396, 0.07692307692148014, 0.07692307692152632, 0.07692307692147392, 0.07692307692161456, 0.07692307692147392, 0.07692307693639822, 0.0769230769256677, 0.07692307692147392, 0.07692307692147392, 0.07692307692299206;
	(state2) 0.07692307692147532, 0.07692307692147614, 0.07692307692147396, 0.07692307692148014, 0.07692307692152632, 0.07692307692147392, 0.07692307692161456, 0.07692307692147392, 0.07692307693639822, 0.0769230769256677, 0.07692307692147392, 0.07692307692147392, 0.07692307692299206;
	(state3) 0.32044364101340034, 0.19891482870310578, 0.0967002977329353, 0.038052487470759885, 0.16486077923718884, 0.004355099732648858, 0.06917311430389061, 0.004355099732648858, 0.04115450811645411, 0.014046153447078276, 0.004355099732648858, 0.004355099732648858, 0.03923379104459147;
	(state4) 0.06609774966995982, 0.03364195739408974, 0.033642516134986394, 0.03364211004903489, 0.10082030442654867, 0.03364195267475313, 0.19907336506537357, 0.03364195267475313, 0.12786634006414668, 0.13613900548819063, 0.03364195267475313, 0.03364195267475313, 0.134508841008657;
	(state5) 0.0939952286806616, 0.09536944376660957, 0.047687245878773286, 0.04768724484063584, 0.143054962877531, 0.04768724481285746, 0.09534464547494077, 0.04768724481285746, 0.04768756191325204, 0.19073545040857995, 0.04768724481285746, 0.04768724481285746, 0.04768923690758604;
