network Best LCM {
}

variable variable350 {
	type discrete[10] { state0, state1, state2, state3, state4, state5, state6, state7, state8, state9 };
}

variable d1_lightheaded {
	type discrete[7] { s0, s1, s2, s3, s4, s5, s6 };
}

variable d1_fainting {
	type discrete[7] { s0, s1, s2, s3, s4, s5, s6 };
}

variable d2_drowsiness {
	type discrete[7] { s0, s1, s2, s3, s4, s5, s6 };
}

variable d2_fatigue {
	type discrete[7] { s0, s1, s2, s3, s4, s5, s6 };
}

variable d2_insomnia {
	type discrete[7] { s0, s1, s2, s3, s4, s5, s6 };
}

variable d2_rls {
	type discrete[7] { s0, s1, s2, s3, s4, s5, s6 };
}

variable d3_loss_interest {
	type discrete[7] { s0, s1, s2, s3, s4, s5, s6 };
}

variable d3_loss_activities {
	type discrete[7] { s0, s1, s2, s3, s4, s5, s6 };
}

variable d3_anxiety {
	type discrete[7] { s0, s1, s2, s3, s4, s5, s6 };
}

variable d3_depression {
	type discrete[7] { s0, s1, s2, s3, s4, s5, s6 };
}

variable d3_flat_affect {
	type discrete[7] { s0, s1, s2, s3, s4, s5, s6 };
}

variable d3_loss_pleasure {
	type discrete[7] { s0, s1, s2, s3, s4, s5, s6 };
}

variable d4_hallucination {
	type discrete[7] { s0, s1, s2, s3, s4, s5, s6 };
}

variable d4_delusion {
	type discrete[7] { s0, s1, s2, s3, s4, s5, s6 };
}

variable d4_diplopia {
	type discrete[7] { s0, s1, s2, s3, s4, s5, s6 };
}

variable d5_loss_concentration {
	type discrete[7] { s0, s1, s2, s3, s4, s5, s6 };
}

variable d5_forget_explicit {
	type discrete[7] { s0, s1, s2, s3, s4, s5, s6 };
}

variable d5_forget_implicit {
	type discrete[7] { s0, s1, s2, s3, s4, s5, s6 };
}

variable d6_drooling {
	type discrete[7] { s0, s1, s2, s3, s4, s5, s6 };
}

variable d6_swallowing {
	type discrete[7] { s0, s1, s2, s3, s4, s5, s6 };
}

variable d6_constipation {
	type discrete[7] { s0, s1, s2, s3, s4, s5, s6 };
}

variable d7_urinary_urgency {
	type discrete[7] { s0, s1, s2, s3, s4, s5, s6 };
}

variable d7_urinary_frequency {
	type discrete[7] { s0, s1, s2, s3, s4, s5, s6 };
}

variable d7_nocturia {
	type discrete[7] { s0, s1, s2, s3, s4, s5, s6 };
}

variable d8_sex_drive {
	type discrete[7] { s0, s1, s2, s3, s4, s5, s6 };
}

variable d8_sex_dysfunction {
	type discrete[7] { s0, s1, s2, s3, s4, s5, s6 };
}

variable d9_unexplained_pain {
	type discrete[7] { s0, s1, s2, s3, s4, s5, s6 };
}

variable d9_taste_smell {
	type discrete[7] { s0, s1, s2, s3, s4, s5, s6 };
}

variable d9_weight_change {
	type discrete[7] { s0, s1, s2, s3, s4, s5, s6 };
}

variable d9_sweating {
	type discrete[7] { s0, s1, s2, s3, s4, s5, s6 };
}

probability ( variable350 ) {
	table 0.01763198891982045, 0.013204700714142386, 0.4855629999963323, 0.0035159683383354135, 0.23742980106992967, 0.10032483884300547, 0.007042470134944126, 0.042225233901597346, 0.05975416961078625, 0.03330782847110655;
}

probability ( d1_lightheaded | variable350 ) {
	(state0) 0.062469756606524235, 0.31349332595988166, 0.18732414472493222, 0.24936861281753633, 0.06246074182078216, 0.06244159812909273, 0.062441819941250656;
	(state1) 0.25907883123575537, 0.22232765165611673, 0.22223269366788126, 0.07414164123294195, 0.07407366863815742, 0.07407269573394656, 0.07407281783520081;
	(state2) 0.7172762275074996, 0.16270013494017865, 0.07647154246453303, 0.008940379607343075, 0.01410623409215266, 0.0100329707724744, 0.010472510615818609;
	(state3) 0.24967235526076326, 0.12508335722634314, 0.12505312749332684, 0.12504610390055063, 0.1250525660333548, 0.12504579933350896, 0.1250466907521525;
	(state4) 0.512334347827157, 0.36341893168611905, 0.0638793925788055, 0.031848844263602155, 0.014297306524727963, 0.007111088229074049, 0.007110088890514476;
	(state5) 0.4871270824654493, 0.18193553141929994, 0.17364979691669122, 0.06187900381387089, 0.06352427662754093, 0.015965870282931886, 0.01591843847421597;
	(state6) 0.1999671229427027, 0.10002053595474707, 0.2000100244688831, 0.09999963083988878, 0.10000046383132118, 0.09999877121924, 0.20000345074321715;
	(state7) 0.13337880286758688, 0.09980926284896263, 0.3665108234314492, 0.13347677202613123, 0.10007048540551466, 0.06670237965110859, 0.1000514737692467;
	(state8) 0.5137385997509504, 0.13728295978773944, 0.13871697041351147, 0.05260047573920497, 0.025207353800206948, 0.029180636389925935, 0.1032730041184609;
	(state9) 0.2411915135975263, 0.1204865772185009, 0.15991154444381367, 0.08023393470691616, 0.16060977470554377, 0.08025864892879081, 0.1573080063989084;
}

probability ( d1_fainting | variable350 ) {
	(state0) 0.43840675945225427, 0.24937537858070516, 0.06245128107245509, 0.06244184316559331, 0.06244157924299733, 0.06244157924299733, 0.06244157924299733;
	(state1) 0.5554314455708272, 0.07417162253350797, 0.07410362888666416, 0.07407552523505427, 0.07407259259131545, 0.07407259259131545, 0.07407259259131545;
	(state2) 0.9406755627965013, 0.022352357798192658, 0.022673012415511774, 0.0036532107104218876, 0.003548618759790791, 0.003548618759790791, 0.003548618759790791;
	(state3) 0.24971674926678739, 0.12504627143312302, 0.12505375049399733, 0.12504583549424997, 0.1250457977706141, 0.1250457977706141, 0.1250457977706141;
	(state4) 0.813871537214307, 0.12519799836267542, 0.025660290130625475, 0.013972451056379318, 0.007099241078670854, 0.007099241078670854, 0.007099241078670854;
	(state5) 0.8729217592400318, 0.0476565526393461, 0.015907119737932796, 0.015883808482886723, 0.015876919966600848, 0.015876919966600848, 0.015876919966600848;
	(state6) 0.30000088091030375, 0.10000253095345281, 0.10000499542487593, 0.19999528376540193, 0.0999987696486552, 0.0999987696486552, 0.0999987696486552;
	(state7) 0.3998650220772068, 0.06690370341224372, 0.23307193354829425, 0.20010575511689666, 0.03335119528178621, 0.03335119528178621, 0.03335119528178621;
	(state8) 0.7961057889887411, 0.07852963902540402, 0.025167422498842417, 0.02508517318918378, 0.02503732543260955, 0.02503732543260955, 0.02503732543260955;
	(state9) 0.6819077914983243, 0.1174381636683758, 0.040131335551972534, 0.04013190421812345, 0.040130268354401304, 0.040130268354401304, 0.040130268354401304;
}

probability ( d2_drowsiness | variable350 ) {
	(state0) 0.06244490178389761, 0.24931550095147412, 0.3134874506133208, 0.06246298382534305, 0.0624418448570412, 0.18730858186781973, 0.0625387361011035;
	(state1) 0.409298453132342, 0.14822563383944726, 0.07475511266142641, 0.14492052645495096, 0.07417746767693889, 0.0740751803137585, 0.0745476259211361;
	(state2) 0.6018956015252448, 0.13964020157981993, 0.17976855039731648, 0.03440639198496344, 0.025642676665790474, 0.007201839316433593, 0.01144473853043123;
	(state3) 0.24962601472598533, 0.1250461009384175, 0.12507710679752734, 0.12505451519754224, 0.12504613868778042, 0.1250484876827232, 0.1251016359700239;
	(state4) 0.46445220604809967, 0.3077019126075655, 0.14247186223793398, 0.044510336435750544, 0.007102535064485607, 0.013972492848588071, 0.019788654757576754;
	(state5) 0.38107143088879275, 0.03197006989748433, 0.37260628699289744, 0.10361364098119233, 0.06364004784589458, 0.031135850818699462, 0.015962672575039253;
	(state6) 0.19999418889750206, 0.10000090245117749, 0.20001648645798173, 0.1000059887544779, 0.10000007674367582, 0.10000598681246357, 0.1999763698827215;
	(state7) 0.06674709582077064, 0.10009013331652028, 0.19987001400183305, 0.3334854092173707, 0.13340265440714458, 0.033351203204302626, 0.13305349003205816;
	(state8) 0.33835277533405717, 0.10749643289958681, 0.14465067803790801, 0.1638850896472386, 0.06913822744157815, 0.10099752715334333, 0.07547926948628791;
	(state9) 0.19761528774962095, 0.04030839620084402, 0.08041288551324459, 0.160790523267061, 0.08035362829512135, 0.04043250156274689, 0.4000867774113611;
}

probability ( d2_fatigue | variable350 ) {
	(state0) 0.1248721835957315, 0.12488637102244653, 0.062491880266859465, 0.18722435834378834, 0.12488671434640505, 0.1870785032552693, 0.18855998916949984;
	(state1) 0.07436267629623997, 0.2222664764069806, 0.07411203649052502, 0.2227569336399388, 0.07424051685799496, 0.14702296696758993, 0.18523839334073086;
	(state2) 0.6152568456848122, 0.1557776441660316, 0.11347248039410861, 0.05552122127591949, 0.03599690812515827, 0.0035612105775709906, 0.020413689776398847;
	(state3) 0.12504597981379728, 0.12504583393544305, 0.24968182368590666, 0.1250596517618641, 0.1250473558049069, 0.1250494857854604, 0.12506986921262156;
	(state4) 0.23292833333265428, 0.4434550790764158, 0.24714138436927485, 0.03561016037653573, 0.02649233977738672, 0.007107517764151435, 0.007265185303581127;
	(state5) 0.2972466294188203, 0.06557465717112153, 0.20875479045807926, 0.09386654656834262, 0.11099636124734025, 0.12654797293350145, 0.09701304220279462;
	(state6) 0.09999982082117033, 0.09999910931500978, 0.20000815109345493, 0.10001543407115215, 0.1000017909359754, 0.20000909781996443, 0.19996659594327282;
	(state7) 0.06670270053778045, 0.03335139980336895, 0.3331119009504385, 0.3332436536309921, 0.06670660012253711, 0.06680085712107753, 0.10008288783380531;
	(state8) 0.15159619056356166, 0.06264163788302304, 0.15208359763104573, 0.16131501523780467, 0.15433016871305053, 0.12617384184019417, 0.1918595481313202;
	(state9) 0.12159218177936715, 0.04028751519096371, 0.04022448944002603, 0.11979112843350379, 0.3197104968930445, 0.040182051466206486, 0.31821213679688826;
}

probability ( d2_insomnia | variable350 ) {
	(state0) 0.18866682925652986, 0.24963214947867995, 0.06244450509045698, 0.124780872741147, 0.062458608202967184, 0.1248818336980875, 0.18713520153213137;
	(state1) 0.07429853313119593, 0.1487428295397273, 0.11413706847730241, 0.22106336403423474, 0.07415851084242903, 0.14819679204739464, 0.21940290192771594;
	(state2) 0.7392847279976752, 0.05958587293763573, 0.061469909348038795, 0.032037211353789286, 0.06798942839950828, 0.003555470343571987, 0.03607737961978062;
	(state3) 0.24965014289235996, 0.1250525204842484, 0.1250461601310675, 0.12509617157606848, 0.12504723936224213, 0.1250484788479279, 0.1250592867060855;
	(state4) 0.40641720780502805, 0.36838098673861003, 0.14166437884021163, 0.03557921410428155, 0.020528897168729496, 0.01420522878343508, 0.013224086559704215;
	(state5) 0.5527414192619405, 0.11731188386361652, 0.09553353540565258, 0.06389465420197983, 0.032283235449622416, 0.0908718036629338, 0.04736346815425429;
	(state6) 0.19995165819513547, 0.10000192450908361, 0.10000044148159817, 0.30002189900731413, 0.10000596709965977, 0.10000603788982228, 0.10001207181738657;
	(state7) 0.033428516801599764, 0.10004285215412533, 0.33353180036602953, 0.19976824659212777, 0.1667556144119803, 0.10009401053046449, 0.06637895914367281;
	(state8) 0.23953705861494967, 0.07310217420659401, 0.12928553104666138, 0.07419625862992696, 0.17381629053427192, 0.10694644694755702, 0.20311624002003906;
	(state9) 0.40200599877346294, 0.08043225600748166, 0.04015206326160235, 0.12035691171100135, 0.1593875951538473, 0.04013591945117988, 0.1575292556414243;
}

probability ( d2_rls | variable350 ) {
	(state0) 0.2509441295492142, 0.24981615958071524, 0.06252345510587724, 0.12477080968302398, 0.062441604197102624, 0.18706221490970806, 0.062441626974358636;
	(state1) 0.48165962700245524, 0.07443681054958845, 0.07460404604068574, 0.07407702886775484, 0.07409051080482852, 0.07411781691713265, 0.14701415981755458;
	(state2) 0.7898540695143859, 0.09665049789452183, 0.05375681795319284, 0.017476430127368537, 0.017112677410437323, 0.004581763816472812, 0.020567743283620807;
	(state3) 0.12507749168723878, 0.24963921440566042, 0.1250537354801934, 0.12508831270626175, 0.12504677500070738, 0.12504855688416328, 0.12504591383577499;
	(state4) 0.6393730441758939, 0.2038502570022528, 0.09938672057670052, 0.028922118372837702, 0.0071049441561333955, 0.007117055468464371, 0.0142458602477172;
	(state5) 0.6635039850815594, 0.01603293095717054, 0.21875165252475187, 0.01589016211955362, 0.015889753608283524, 0.053817219658231566, 0.016114296050449447;
	(state6) 0.20002756452828438, 0.10000827052874889, 0.1000062982760417, 0.1999530660794126, 0.09999912180795013, 0.19999916449680658, 0.10000651428275568;
	(state7) 0.23310327219836846, 0.13307229941281884, 0.26692424293717737, 0.20014744625040073, 0.03335121078109672, 0.06670239641167117, 0.06669913200846667;
	(state8) 0.5042271648823524, 0.051239350321418006, 0.07665444319601465, 0.025047270969841457, 0.15461893599065085, 0.10816621246826673, 0.08004662217145568;
	(state9) 0.558466070770176, 0.08029943223683744, 0.12039397034825854, 0.04015345335987923, 0.040140228203060596, 0.04013253074568592, 0.12041431433610222;
}

probability ( d3_loss_interest | variable350 ) {
	(state0) 0.12488329911004069, 0.06252857960948606, 0.37409266814034325, 0.06252572541414234, 0.18732215028077492, 0.06244159944409644, 0.1262059780011163;
	(state1) 0.14846862830161384, 0.29375988445616175, 0.11399537482811188, 0.22145361450206852, 0.07407417890770851, 0.07407316394499683, 0.07417515505933867;
	(state2) 0.909717176862571, 0.050601319057306096, 0.01838231102997987, 0.010632811934199078, 0.0035689729550671227, 0.003548643151055469, 0.0035487650098213327;
	(state3) 0.12504690792545511, 0.12505336701425784, 0.12509522495439074, 0.24964036937570297, 0.125046039812835, 0.12504606099653878, 0.12507202992081956;
	(state4) 0.4731075149764547, 0.38856158002953867, 0.08834355306049352, 0.015326378792160257, 0.013373265186211267, 0.014187852733282288, 0.007099855221859276;
	(state5) 0.2792318724108612, 0.09548015704682447, 0.2792204047097073, 0.17166912262846787, 0.015889531328924535, 0.03177444894793109, 0.1267344629272834;
	(state6) 0.10000257308458614, 0.10000861378472546, 0.10001560271313123, 0.10001393273116092, 0.20000648089868184, 0.19993955950777936, 0.20001323727993506;
	(state7) 0.03335241160424643, 0.19981568506977, 0.43362762325788806, 0.16643342724666982, 0.06670237943641905, 0.03335129230420287, 0.06671718108080392;
	(state8) 0.6110608134646978, 0.02588600661619943, 0.23384448974677496, 0.02653435882482089, 0.027715001188630586, 0.025041854376917215, 0.049917475781959215;
	(state9) 0.28099948327212393, 0.04018677913413366, 0.19731705369871108, 0.080044227234979, 0.24088962821529383, 0.04015347192170915, 0.12040935652304943;
}

probability ( d3_loss_activities | variable350 ) {
	(state0) 0.1248715270054983, 0.12489031997554632, 0.1870273968283534, 0.06255139131253831, 0.18737518155382377, 0.12464260182803447, 0.18864158149620533;
	(state1) 0.1484796203450303, 0.1471591932829931, 0.11401629906694435, 0.367649146515107, 0.07444541546249728, 0.07407517112855042, 0.0741751541988775;
	(state2) 0.8262029364706518, 0.10430579901103951, 0.03727838261792384, 0.007152299953071722, 0.017858458250757065, 0.0036532351079089386, 0.0035488885886471246;
	(state3) 0.12504596545929264, 0.24963299798707442, 0.12508957029377815, 0.12506050695684437, 0.12504613219855584, 0.12505539238412697, 0.12506943472032764;
	(state4) 0.3301311129773183, 0.5154533545071706, 0.08354303066964605, 0.015208599989652655, 0.027502975382978283, 0.021061062705138658, 0.007099863768095452;
	(state5) 0.17254097736203877, 0.03261091321190603, 0.3539762600116128, 0.25127690428809474, 0.04683481368087663, 0.031962231626288556, 0.11079789981918256;
	(state6) 0.10000046853424556, 0.10000128552561119, 0.10001892694050184, 0.10001651949598492, 0.20000647924249507, 0.10000701399907544, 0.299949306262086;
	(state7) 0.03335120507724975, 0.19975330417179413, 0.3335877220258652, 0.19984900577177583, 0.0333515767514482, 0.10003819036692296, 0.10006899583494393;
	(state8) 0.5204268987076943, 0.09986979991674996, 0.12246985073756886, 0.02583281830420536, 0.12853824979876077, 0.05074887938697495, 0.052113503148045685;
	(state9) 0.2815572724482494, 0.11976692129758928, 0.04026084516146678, 0.08131186246852852, 0.16067117574694204, 0.07897319480412039, 0.23745872807310353;
}

probability ( d3_anxiety | variable350 ) {
	(state0) 0.06244409168312987, 0.18713807610094674, 0.1872486094401314, 0.2512334443221529, 0.062444096400940854, 0.18704988051316274, 0.06244180153953556;
	(state1) 0.22146168734584543, 0.3362539968839612, 0.07431145180337785, 0.1456241954104371, 0.07415094996019472, 0.0741235991969306, 0.07407411939925311;
	(state2) 0.8182395567946328, 0.09769136172461013, 0.045202492358270986, 0.017901123038155112, 0.007167700301028834, 0.003595246571372834, 0.010202519211929434;
	(state3) 0.12504638342037958, 0.24962602866059674, 0.1250964180128513, 0.1250896143734584, 0.1250469004378461, 0.1250485729774965, 0.12504608211737145;
	(state4) 0.3145877265724609, 0.48690868330561404, 0.13930391505611744, 0.028781695039089627, 0.013984782024537696, 0.007104943645756344, 0.009328254356423833;
	(state5) 0.31520060261849275, 0.03534851642335722, 0.2307152986756849, 0.21561057921920215, 0.04757180317010361, 0.04760129837231229, 0.10795190152084705;
	(state6) 0.19994446508627972, 0.09999924874927003, 0.1000197947205519, 0.10001912708781922, 0.1999988099356503, 0.10000744948756907, 0.20001110493285976;
	(state7) 0.10012567950233803, 0.16675617812983587, 0.2331743290579355, 0.26649009105653254, 0.0666991417139908, 0.033351215506262064, 0.13340336503310526;
	(state8) 0.5087612688966086, 0.10318002037010697, 0.027861927919623178, 0.08434756848309352, 0.12546090865543943, 0.12497107466208594, 0.02541723101304244;
	(state9) 0.23849685828039768, 0.08043315339579592, 0.12043779517254974, 0.07913038547303251, 0.08034005960537076, 0.080265573948508, 0.32089617412434546;
}

probability ( d3_depression | variable350 ) {
	(state0) 0.06254258256564658, 0.12474630235652648, 0.18722483713049876, 0.25111454130266203, 0.06244161993534165, 0.24948740544008652, 0.062442711269238116;
	(state1) 0.21886278096433082, 0.1485351520665151, 0.18810579706640024, 0.22222530988360062, 0.0740905012355224, 0.07407972292087847, 0.07410073586275234;
	(state2) 0.7928908523047652, 0.12989089426198747, 0.03175978031396066, 0.016849916628620766, 0.01373190598013217, 0.004323440828596315, 0.010553209681937478;
	(state3) 0.12505976574241548, 0.1250460612770715, 0.2496756719310116, 0.12507678373524472, 0.12504687958456234, 0.12504873546353415, 0.12504610226616034;
	(state4) 0.3349157979369008, 0.40433670835789726, 0.18262908144670276, 0.0558974019777533, 0.00801453750307996, 0.007105948020795043, 0.007100524756871005;
	(state5) 0.16476051234047026, 0.11465490329460377, 0.2762606569245811, 0.2533274115677794, 0.016567526800250018, 0.04775600071913834, 0.126672988353177;
	(state6) 0.19995094001659788, 0.09999950737353769, 0.10001337835303198, 0.10001461013628757, 0.10000067667243803, 0.1000064108077709, 0.3000144766403358;
	(state7) 0.13316389767243758, 0.06680665523298782, 0.3998125853139881, 0.23345927596960123, 0.03335121083803007, 0.033357410487038164, 0.10004896448591709;
	(state8) 0.5023013642246285, 0.13042932532898863, 0.08513295767125614, 0.05998776543472601, 0.09908915891205472, 0.07028256929649454, 0.052776859131851546;
	(state9) 0.36113383358257506, 0.0403215804546517, 0.08033714587190297, 0.04029958318338358, 0.16052097074656507, 0.07904839662773137, 0.23833848953319017;
}

probability ( d3_flat_affect | variable350 ) {
	(state0) 0.31206695598108264, 0.18700317776209469, 0.12623639417974694, 0.06250080296777417, 0.12488246750313649, 0.12486843327174192, 0.062441768334423046;
	(state1) 0.29733011897085343, 0.29200477594415253, 0.11415528473165079, 0.07428537107737124, 0.07407897325499169, 0.07407270369939198, 0.07407277232158822;
	(state2) 0.9077803029028957, 0.036776142967642686, 0.02621812446069468, 0.004116233847890665, 0.011013406667852096, 0.00354861875979923, 0.010547170393224845;
	(state3) 0.12506084124856862, 0.1250461100637708, 0.24969922057830424, 0.12505609799832818, 0.1250460763263965, 0.12504581807758522, 0.12504583570704644;
	(state4) 0.5430286598606839, 0.33259410834487274, 0.08964324831947598, 0.007100752510722515, 0.013433478532637214, 0.007099241079975044, 0.007100511351632452;
	(state5) 0.3740152293155294, 0.15577371966048273, 0.25627144838588295, 0.13602928649790133, 0.03011119701580494, 0.015876920315095484, 0.0319221988093032;
	(state6) 0.10001619440933006, 0.0999997690574711, 0.10002978945530568, 0.10002652831995786, 0.10000001189982197, 0.09999877174730301, 0.3999289351108103;
	(state7) 0.16655362272592597, 0.1668370389929386, 0.33305468589956394, 0.23349757693276044, 0.033354588131507934, 0.033351196063645734, 0.033351291253657364;
	(state8) 0.7059194092297252, 0.05042151852668605, 0.08254009586180391, 0.05722559504698647, 0.053398858068147675, 0.025043096473614662, 0.025451426793035914;
	(state9) 0.39884539491694165, 0.12129858037792088, 0.040150530891080664, 0.11963344799031946, 0.23976560918328957, 0.04013041271925429, 0.04017602392119346;
}

probability ( d3_loss_pleasure | variable350 ) {
	(state0) 0.12465779881570813, 0.18832667099234204, 0.18734559956754915, 0.06249552933525677, 0.06251041691725018, 0.18732764421088366, 0.18733634016101014;
	(state1) 0.40664832460984635, 0.1481622860514975, 0.07408358287866568, 0.14851568469507018, 0.07443700427772389, 0.07407874575152776, 0.07407437173566865;
	(state2) 0.9270128236309134, 0.039178678591668424, 0.011425456834669187, 0.004295242952040218, 0.007432847043475076, 0.0035584500509449543, 0.007096500896288676;
	(state3) 0.1250462848825322, 0.24965757381320045, 0.12508958900856948, 0.12504613153505112, 0.12505937036748302, 0.12505506876933645, 0.1250459816238273;
	(state4) 0.5451390418999326, 0.35655542352331066, 0.04896739680901981, 0.014615990485030718, 0.013436611081800744, 0.014186246451469929, 0.00709928974943524;
	(state5) 0.2840964506127352, 0.04245335320654892, 0.33108119050601104, 0.1534379486956188, 0.07763674010484131, 0.0319252686882151, 0.07936904818602955;
	(state6) 0.10000424284009124, 0.10001057641612271, 0.10001844272071149, 0.10001336984736094, 0.10001530653550494, 0.1000079679984854, 0.3999300936417231;
	(state7) 0.06676131780381712, 0.23314405271218008, 0.30022676734350284, 0.13340234103808798, 0.09972659545693387, 0.13338747604413353, 0.03335144960134458;
	(state8) 0.6674457758278567, 0.05150958328799782, 0.0765663478151129, 0.05101497602799996, 0.053135929505861976, 0.07526984364355187, 0.025057543891618753;
	(state9) 0.398888762752764, 0.040142295091983256, 0.1592638794662729, 0.08118670776028537, 0.16068442411562422, 0.0795411440214491, 0.08029278679162118;
}

probability ( d4_hallucination | variable350 ) {
	(state0) 0.37421486993818975, 0.1886213395593518, 0.06244420054322267, 0.187371429822496, 0.062441592912563584, 0.062464738555153936, 0.062441828669022245;
	(state1) 0.4064337162544777, 0.22280620546001195, 0.07409666371777418, 0.07444408617048118, 0.07407288640747206, 0.07407380849387404, 0.074072633495909;
	(state2) 0.9551513428043169, 0.0143241374155688, 0.0057892914141498145, 0.006960409243504072, 0.007171913241961049, 0.003548618759791047, 0.007054287120708305;
	(state3) 0.24963399043194492, 0.12508968850305752, 0.1250468624214407, 0.12504611290467468, 0.1250458101017862, 0.12509077137446584, 0.1250467642626301;
	(state4) 0.7680086352346472, 0.1490330744316835, 0.047363207586764156, 0.007371897081692872, 0.014024570712522366, 0.007099241150255115, 0.0070993738024348425;
	(state5) 0.7146220289610207, 0.14182358380375995, 0.048148887750527544, 0.04752614237538586, 0.015885986484880227, 0.016000499868906337, 0.015992870755519577;
	(state6) 0.30001074950092826, 0.19996730687063785, 0.09999956033513623, 0.09999943684119215, 0.09999890397588325, 0.10001986060327737, 0.10000418187294481;
	(state7) 0.09978206318777819, 0.19994617629358294, 0.40014333745991454, 0.06670325734504838, 0.033351195835241716, 0.10002247648167616, 0.100051493396758;
	(state8) 0.7076741204603791, 0.025324770522597195, 0.14180873028436505, 0.025038864785926998, 0.025110146908938327, 0.049878572545737306, 0.02516479449205627;
	(state9) 0.47809329398129974, 0.08036261345107425, 0.08034923317284211, 0.04016563928050031, 0.1605198042967494, 0.040131179792802577, 0.12037823602473159;
}

probability ( d4_delusion | variable350 ) {
	(state0) 0.37432466748294907, 0.12612544188764435, 0.0624755844879744, 0.1248817980847144, 0.06244158922787912, 0.12486849114758179, 0.1248824276812569;
	(state1) 0.5552982788687216, 0.07433344722902063, 0.07407416300674871, 0.0740753102668619, 0.0740726411576606, 0.07407352551527462, 0.07407263395571184;
	(state2) 0.9701906890409425, 0.008338746184740252, 0.003727589256731277, 0.0035486256579134894, 0.007096986098160966, 0.0035486187597992304, 0.003548745001712246;
	(state3) 0.24964169057383065, 0.12511893857934267, 0.12505225679273535, 0.12504849895211734, 0.12504588827882127, 0.12504594289399168, 0.12504678392916102;
	(state4) 0.8962204603123907, 0.04724838942056909, 0.02813368593772374, 0.007099285939147656, 0.007099683722043105, 0.007099241079976911, 0.007099253588148955;
	(state5) 0.7620697088111174, 0.07903171229390571, 0.0635077931578869, 0.04774250596525556, 0.015876932791810402, 0.015876920500868294, 0.015894426479155708;
	(state6) 0.3000247325257673, 0.19996581994774998, 0.09999945257419172, 0.10000651313006928, 0.09999922698280575, 0.09999991819341635, 0.1000043366459998;
	(state7) 0.26656149289031833, 0.23319046847188635, 0.13339062155422024, 0.1667558693410346, 0.03335119531093499, 0.10005002969322485, 0.06670032273838061;
	(state8) 0.7752061426365978, 0.025052189080434554, 0.0497221427337253, 0.04989107307845039, 0.025037520687859426, 0.025044709722010786, 0.05004622206092167;
	(state9) 0.719030772269796, 0.04015875992426509, 0.04015129783236263, 0.040137287175215905, 0.08026028708672217, 0.04013112386974358, 0.040130471841894624;
}

probability ( d4_diplopia | variable350 ) {
	(state0) 0.31191811179641105, 0.062450915352791105, 0.31205598903985715, 0.12619709048255454, 0.06244177350636879, 0.06244159389408811, 0.06249452592792939;
	(state1) 0.3328999291700753, 0.22229626608912825, 0.14814112014729774, 0.0740730028102386, 0.07407313495733894, 0.07407259756247264, 0.07444394926344847;
	(state2) 0.9182628620190876, 0.027188637932476386, 0.029867429354217847, 0.0035498024018968954, 0.01403401265212208, 0.003548618759790791, 0.0035486368804083968;
	(state3) 0.2496929091841179, 0.12505296120648574, 0.1250461906291819, 0.12506935737436722, 0.12504592787915988, 0.12504667849538237, 0.12504597523130495;
	(state4) 0.8195541721781298, 0.09075612691638901, 0.061036478806840135, 0.00709986164349108, 0.007354871225395903, 0.007099241078670854, 0.007099248151083112;
	(state5) 0.7013639849759148, 0.09264476782510643, 0.04770592151851497, 0.06311162461259062, 0.047649329068599325, 0.015876919966634054, 0.031647452032639994;
	(state6) 0.2999946415300224, 0.1999942875582605, 0.0999994767491379, 0.10000870109016152, 0.0999989242943661, 0.10000417704506942, 0.0999997917329823;
	(state7) 0.3331746943276253, 0.19972706107819557, 0.20027421066960577, 0.1334194850750495, 0.033352650386998556, 0.06670032260914717, 0.033351575853378154;
	(state8) 0.6819322807550989, 0.11811368875586531, 0.07455979577948847, 0.025103055644979957, 0.025217470414583307, 0.0250373254326124, 0.05003638321737145;
	(state9) 0.5579409936686823, 0.08073415625387444, 0.04015225764669568, 0.04013517904924197, 0.080292195245537, 0.04013029186305783, 0.16061492627291088;
}

probability ( d5_loss_concentration | variable350 ) {
	(state0) 0.1248880626717797, 0.12475891998490972, 0.3745052099884686, 0.06376140008725213, 0.062442011272765975, 0.18714961408043912, 0.06249478191438475;
	(state1) 0.1482257558370643, 0.14714959176749223, 0.14528156950723747, 0.1481444866433164, 0.26214987381692867, 0.07460485775276852, 0.07444386467519246;
	(state2) 0.7045523685534658, 0.13552852324036294, 0.079040773341344, 0.026639860181587965, 0.039884306428235684, 0.0037047707454533774, 0.010649397509550346;
	(state3) 0.12504865853237432, 0.12505299021553487, 0.12508896067646058, 0.2496507026158191, 0.12504594836042437, 0.1250657520373287, 0.12504698756205793;
	(state4) 0.31851109751923584, 0.4992839697352669, 0.12201638702889835, 0.03204245426807427, 0.0075951658060017255, 0.013446882988177025, 0.007104042654345934;
	(state5) 0.3257430715768891, 0.07932085394028836, 0.20075823593501127, 0.2535345867039901, 0.0925583065787217, 0.016380538807075084, 0.0317044064580243;
	(state6) 0.20000347909872943, 0.10000070055894325, 0.10001510016333372, 0.1000107242980194, 0.20000876370724668, 0.10000916840850001, 0.19995206376522753;
	(state7) 0.06670285597097368, 0.09977502533428124, 0.3334850018969659, 0.20022369953098193, 0.03335120337412912, 0.1664134881817999, 0.1000487257108682;
	(state8) 0.5038988807187367, 0.11322314130352729, 0.07415554176706564, 0.09974137104085154, 0.08320664661024832, 0.050878902773184506, 0.07489551578638586;
	(state9) 0.15842805637269886, 0.0796359106322052, 0.23973398985885314, 0.04035963040297436, 0.1604607494317956, 0.040276700173294676, 0.2811049631281781;
}

probability ( d5_forget_explicit | variable350 ) {
	(state0) 0.06244448879257904, 0.37433042117770493, 0.18739472430053203, 0.06378726997036194, 0.062441829451172305, 0.06248327330697787, 0.187117993000672;
	(state1) 0.07408078322642012, 0.21907857621561558, 0.1488934395674653, 0.14724728879429297, 0.2621928455552519, 0.07407422897791587, 0.07443283766303822;
	(state2) 0.6687990854659084, 0.17404119168046023, 0.09939301439755491, 0.017716065071815026, 0.025873091009642038, 0.007096409070131251, 0.007081143304488252;
	(state3) 0.12504875764275733, 0.2496331689876021, 0.12504622567274695, 0.12506996743453494, 0.12504701860142053, 0.1250947015819753, 0.12506016007896287;
	(state4) 0.3753940467599476, 0.3952694201684919, 0.1496170270815634, 0.04444583912309915, 0.014054238647000067, 0.014119119770307706, 0.007100308449590106;
	(state5) 0.3429409340711807, 0.06383547687361717, 0.2819841123496774, 0.18545818102005998, 0.06210333407418685, 0.047735965239026235, 0.015941996372251552;
	(state6) 0.20001481990948206, 0.1000006923254596, 0.10000117193011922, 0.10001608406606716, 0.1000018560785567, 0.1999529947312404, 0.20001238095907484;
	(state7) 0.03338678665190214, 0.19980140994435652, 0.10005870167765861, 0.40031618249763934, 0.03335122079507721, 0.1333579006540521, 0.09972779777931397;
	(state8) 0.5027140928530298, 0.2576120229898808, 0.05402890001184481, 0.0513267416360875, 0.05700835277975086, 0.025161897281792352, 0.05214799244761386;
	(state9) 0.1193689299661333, 0.08138692614601131, 0.15996038894501982, 0.040255454104893285, 0.24082513196316363, 0.04015358021736372, 0.31804958865741484;
}

probability ( d5_forget_implicit | variable350 ) {
	(state0) 0.062445827185377556, 0.3756499470804148, 0.12494243008938835, 0.06248266998265323, 0.06244167046170358, 0.12473234890480751, 0.1873051062956549;
	(state1) 0.07411804169969968, 0.22237909038681225, 0.25958306559333777, 0.14726177144220612, 0.14815019293824475, 0.07443205293485258, 0.07407578500484696;
	(state2) 0.7058628945786224, 0.16571770497640995, 0.07221684314079824, 0.021096125645141805, 0.017083975774984182, 0.0035486193950114106, 0.014473836489032207;
	(state3) 0.24962883267290828, 0.12507672297582417, 0.1250466023819768, 0.12504727655325162, 0.1250458007978703, 0.12510803136906157, 0.12504673324910712;
	(state4) 0.4952386233017148, 0.3410296564453418, 0.08945058923079723, 0.0445285628694568, 0.015441149118978093, 0.00710086500664329, 0.007210554027067829;
	(state5) 0.3892998532066572, 0.11699807291792828, 0.2607053722096079, 0.15513988115800909, 0.015949846867497952, 0.031753391540575125, 0.030153582099724498;
	(state6) 0.30001340358132006, 0.10001038107025836, 0.1000019228324879, 0.09999981968777093, 0.09999879400673284, 0.19996903099994853, 0.10000664782148136;
	(state7) 0.10002837899840213, 0.0997624194321519, 0.3001657014917248, 0.16690636134681044, 0.033351195282428685, 0.19973393856838076, 0.10005200488010133;
	(state8) 0.5460497323393455, 0.17262458084564158, 0.15323872830811594, 0.05048244533746276, 0.025187600543770762, 0.02516609105220049, 0.027250821573462796;
	(state9) 0.12050838881296576, 0.11997814376880717, 0.2408979860572009, 0.04020481066254066, 0.16052237555294704, 0.04025857148013403, 0.2776297236654044;
}

probability ( d6_drooling | variable350 ) {
	(state0) 0.12464941208813372, 0.3121898152100117, 0.24956337611329932, 0.06244177709342834, 0.06244171072863653, 0.06251069641480574, 0.1262032123516847;
	(state1) 0.0740863917524665, 0.2932436593287417, 0.1477468196909718, 0.07410723481766635, 0.26219294812125166, 0.07443198814267626, 0.07419095814622567;
	(state2) 0.6549931684789975, 0.12910461984233465, 0.11296085197830079, 0.025002114371967518, 0.04687780693741416, 0.007015452883099097, 0.024045985507886305;
	(state3) 0.1250882984565768, 0.1250473613218619, 0.12506006570159112, 0.2496258917200667, 0.1250459112806923, 0.12506270584548504, 0.1250697656737262;
	(state4) 0.6360794575526714, 0.27753425045767915, 0.05749971149212514, 0.007381497935253465, 0.007134320968953878, 0.007262094863883061, 0.007108666729434134;
	(state5) 0.27846309136109204, 0.09519172208815091, 0.330411780066681, 0.11615595139378936, 0.05104829411968017, 0.01603391992206841, 0.11269524104853806;
	(state6) 0.3000060639884792, 0.0999993304710963, 0.10000330265631266, 0.10001454628918706, 0.09999935306716522, 0.10002078043978424, 0.19995662308797535;
	(state7) 0.06670548209400798, 0.10005801279405228, 0.2666474291224201, 0.16674564336109035, 0.10005357484605291, 0.09972779572172744, 0.20006206206064886;
	(state8) 0.33429463817020794, 0.1143778710169806, 0.10693288969292727, 0.06515191182486299, 0.22601124971866698, 0.07488943640019757, 0.07834200317615668;
	(state9) 0.39878043711517575, 0.0402188865033739, 0.08025279874880661, 0.0802540937594666, 0.08038070223420096, 0.04023305584081201, 0.2798800257981642;
}

probability ( d6_swallowing | variable350 ) {
	(state0) 0.37446006042921876, 0.18858785565428202, 0.18712977769313385, 0.062443383784325915, 0.06249568689147188, 0.06244165625932503, 0.06244157928824235;
	(state1) 0.44059731705265825, 0.07464717368230298, 0.1482035767681444, 0.1139611022319748, 0.07444522170531884, 0.07407301518075927, 0.07407259337884163;
	(state2) 0.8176072120664739, 0.08258609489753627, 0.043159615853643904, 0.0113114328462335, 0.02760390195201083, 0.007106275637163376, 0.010625466746938062;
	(state3) 0.125097899950681, 0.12509102859550184, 0.12504697394109243, 0.24962619422634025, 0.12504617644730756, 0.12504592281696977, 0.12504580402210713;
	(state4) 0.7398080093728495, 0.19644909713412972, 0.035043682112424125, 0.00712389122078365, 0.00737471817019136, 0.0071007290116943764, 0.00709987297792722;
	(state5) 0.5374616187915039, 0.190691662348814, 0.14072644167297393, 0.05173428383351571, 0.0475987442039297, 0.015896897654856943, 0.015890351494405944;
	(state6) 0.10003648856205156, 0.30001020174829524, 0.19995575017439562, 0.10000024982261001, 0.09999956476271324, 0.0999988255649325, 0.0999989193650017;
	(state7) 0.13345033019693567, 0.29957700833986817, 0.20010586215654327, 0.1334040455147131, 0.06670613901693985, 0.06670308102737078, 0.10005353374762914;
	(state8) 0.3392819045442352, 0.276171843872783, 0.12818239289058433, 0.1005005466438245, 0.08028286963870555, 0.05042288732901787, 0.025157555080849707;
	(state9) 0.5633850290916728, 0.04026680723346881, 0.07708687661537511, 0.04019751494664063, 0.1593930622826642, 0.07954008971886553, 0.04013062011131304;
}

probability ( d6_constipation | variable350 ) {
	(state0) 0.31195203077483535, 0.06249809054432802, 0.1248812084200377, 0.12622114103434146, 0.24946714331998912, 0.06253307207161558, 0.06244731383485276;
	(state1) 0.4062360701356276, 0.14853380816388762, 0.14821133065317074, 0.07410121315730923, 0.07431277570973317, 0.07443275609868277, 0.07417204608158867;
	(state2) 0.7180382909152031, 0.0899345141104767, 0.0653815411630981, 0.024501480456260917, 0.03546730179775747, 0.01802512559917923, 0.048651745958024316;
	(state3) 0.12505378332224443, 0.1250461437668021, 0.1250460999956318, 0.12507659604057564, 0.12504651611428733, 0.24968141859365164, 0.12504944216680708;
	(state4) 0.327497309437225, 0.338727532235166, 0.15531452136213128, 0.08657824274438908, 0.035536046104984044, 0.04197181772028244, 0.014374530395822099;
	(state5) 0.4331081200318705, 0.15758202375499214, 0.11802380050171363, 0.14044815972962982, 0.032456414140388315, 0.016037725401795586, 0.10234375643961013;
	(state6) 0.3000079639109396, 0.10000118099939943, 0.10000669371783674, 0.10000921607738336, 0.10000058586355254, 0.10002098521763961, 0.19995337421324874;
	(state7) 0.1334261341615102, 0.03335342012039, 0.1668484693755069, 0.09967692966373203, 0.06684235383964114, 0.09970084937925944, 0.40015184345996035;
	(state8) 0.4465563523423044, 0.05040160233380588, 0.13167329779875553, 0.026116449305401898, 0.1248052925289532, 0.02556027646094658, 0.19488672922983255;
	(state9) 0.39848976250093493, 0.08020997799049094, 0.040186644504344754, 0.08026196765353882, 0.15923760971384746, 0.07964492792586847, 0.16196910971097478;
}

probability ( d7_urinary_urgency | variable350 ) {
	(state0) 0.2511275067262644, 0.12491052487219574, 0.12478838044971013, 0.1871301013138703, 0.06245572172941966, 0.12470987982885284, 0.12487788507968695;
	(state1) 0.14859081202164107, 0.14823316519794305, 0.40614318158657586, 0.07411235935438033, 0.07419894253230007, 0.0746303085133627, 0.0740912307937969;
	(state2) 0.61063729690401, 0.11483148198608326, 0.1606580254961144, 0.048494516244859474, 0.047311341586444, 0.003815195734887881, 0.014252142047601096;
	(state3) 0.24965261661976676, 0.12508806748363258, 0.12505351528020936, 0.12504709716115314, 0.12504680576386792, 0.12506576764030894, 0.12504613005106144;
	(state4) 0.3909982385912759, 0.37500100110463946, 0.15505516769274166, 0.030024990985170533, 0.007266540172262387, 0.020463146544929655, 0.02119091490898011;
	(state5) 0.4803161059277211, 0.10535211709934535, 0.17659773266577528, 0.0949183405562498, 0.0635984965017664, 0.06333204956653973, 0.015885157682602277;
	(state6) 0.20001552331048586, 0.20000610750409237, 0.10000153249913604, 0.10001848950441775, 0.09999932107439552, 0.10001101724888826, 0.1999480088585842;
	(state7) 0.03336683457281591, 0.06677073594442141, 0.2999175840162328, 0.26674721313336963, 0.03335136830545532, 0.0997133088202514, 0.20013295520745336;
	(state8) 0.2658812130145286, 0.10446262906837651, 0.08309774729604757, 0.02875347089669918, 0.3163152048240754, 0.0764863119875222, 0.1250034229127506;
	(state9) 0.1585008732839193, 0.12062750690104952, 0.11915935511635425, 0.2400738977817473, 0.08036854903737801, 0.04028172647108071, 0.24098809140847088;
}

probability ( d7_urinary_frequency | variable350 ) {
	(state0) 0.12624835507197235, 0.18732200328151755, 0.12484232908996849, 0.18715028188292407, 0.062441755287998724, 0.06251025840250886, 0.24948501698311001;
	(state1) 0.1145214153060748, 0.07413127807547809, 0.2956659309985194, 0.14492572986284952, 0.22222924810047798, 0.07443174753850636, 0.07409465011809398;
	(state2) 0.6306379228850939, 0.0981029563727519, 0.1400882734782316, 0.0323121330706863, 0.06849967602271986, 0.010680535833950063, 0.019678502336566508;
	(state3) 0.2496593233955767, 0.1250459708656673, 0.12509533350809202, 0.1250470790362677, 0.12504678990534251, 0.12505926117549712, 0.1250462421135568;
	(state4) 0.44979297959535897, 0.2998011936309092, 0.14487875591498356, 0.05570982682706852, 0.007187656831659269, 0.028321737754257895, 0.014307849445762537;
	(state5) 0.593109817548727, 0.09509836977533563, 0.1550693785135324, 0.07861733850591805, 0.046280512608839364, 0.015912055054257534, 0.015912527993389852;
	(state6) 0.1999752803152033, 0.19999438019115137, 0.200010014388389, 0.10000565553553221, 0.09999913050280293, 0.10000816847946027, 0.10000737058746084;
	(state7) 0.06676069147010934, 0.03335548598656825, 0.23321141586203845, 0.3668088615603321, 0.033351213291152475, 0.09972983854222006, 0.16678249328757935;
	(state8) 0.32498534398964335, 0.055297341493820824, 0.03419987316114813, 0.054359514589766116, 0.14437432071473455, 0.05006492004725139, 0.3367186860036357;
	(state9) 0.28194348535018954, 0.11739735537693176, 0.12033295221205242, 0.1192730638771902, 0.16063597432015653, 0.040232857164487046, 0.1601843116989926;
}

probability ( d7_nocturia | variable350 ) {
