network Best LCM {
}

variable variable450 {
	type discrete[10] { state0, state1, state2, state3, state4, state5, state6, state7, state8, state9 };
}

variable scm1rue {
	type discrete[4] { s0, s1, s2, s3 };
}

variable scm1lue {
	type discrete[4] { s0, s1, s2, s3 };
}

variable scm2rue {
	type discrete[4] { s0, s1, s2, s3 };
}

variable scm2lue {
	type discrete[4] { s0, s1, s2, s3 };
}

variable scm3rue {
	type discrete[4] { s0, s1, s2, s3 };
}

variable scm3lue {
	type discrete[4] { s0, s1, s2, s3 };
}

variable scm4rue {
	type discrete[4] { s0, s1, s2, s3 };
}

variable scm4lue {
	type discrete[4] { s0, s1, s2, s3 };
}

variable scm5rise {
	type discrete[4] { s0, s1, s2, s3 };
}

variable scm6post {
	type discrete[4] { s0, s1, s2, s3 };
}

variable scm7gait {
	type discrete[4] { s0, s1, s2, s3 };
}

variable scm8spee {
	type discrete[4] { s0, s1, s2, s3 };
}

variable scm9free {
	type discrete[4] { s0, s1, s2, s3 };
}

variable scm10swa {
	type discrete[4] { s0, s1, s2, s3 };
}

variable scm11spe {
	type discrete[4] { s0, s1, s2, s3 };
}

variable scm12fee {
	type discrete[4] { s0, s1, s2, s3 };
}

variable scm13dre {
	type discrete[4] { s0, s1, s2, s3 };
}

variable scm14hyg {
	type discrete[4] { s0, s1, s2, s3 };
}

variable scm15cha {
	type discrete[4] { s0, s1, s2, s3 };
}

variable scm16wal {
	type discrete[4] { s0, s1, s2, s3 };
}

variable scm17han {
	type discrete[4] { s0, s1, s2, s3 };
}

variable scm18dpr {
	type discrete[4] { s0, s1, s2, s3 };
}

variable scm19dsv {
	type discrete[4] { s0, s1, s2, s3 };
}

variable scm20fpr {
	type discrete[4] { s0, s1, s2, s3 };
}

variable scm21fsv {
	type discrete[4] { s0, s1, s2, s3 };
}

variable d1_lightheaded {
	type discrete[13] { s0, s1, s2, s3, s4, s5, s6, s7, s8, s9, s10, s11, s12 };
}

variable d1_fainting {
	type discrete[13] { s0, s1, s2, s3, s4, s5, s6, s7, s8, s9, s10, s11, s12 };
}

variable d2_drowsiness {
	type discrete[13] { s0, s1, s2, s3, s4, s5, s6, s7, s8, s9, s10, s11, s12 };
}

variable d2_fatigue {
	type discrete[13] { s0, s1, s2, s3, s4, s5, s6, s7, s8, s9, s10, s11, s12 };
}

variable d2_insomnia {
	type discrete[13] { s0, s1, s2, s3, s4, s5, s6, s7, s8, s9, s10, s11, s12 };
}

variable d2_rls {
	type discrete[13] { s0, s1, s2, s3, s4, s5, s6, s7, s8, s9, s10, s11, s12 };
}

variable d3_loss_interest {
	type discrete[13] { s0, s1, s2, s3, s4, s5, s6, s7, s8, s9, s10, s11, s12 };
}

variable d3_loss_activities {
	type discrete[13] { s0, s1, s2, s3, s4, s5, s6, s7, s8, s9, s10, s11, s12 };
}

variable d3_anxiety {
	type discrete[13] { s0, s1, s2, s3, s4, s5, s6, s7, s8, s9, s10, s11, s12 };
}

variable d3_depression {
	type discrete[13] { s0, s1, s2, s3, s4, s5, s6, s7, s8, s9, s10, s11, s12 };
}

variable d3_flat_affect {
	type discrete[13] { s0, s1, s2, s3, s4, s5, s6, s7, s8, s9, s10, s11, s12 };
}

variable d3_loss_pleasure {
	type discrete[13] { s0, s1, s2, s3, s4, s5, s6, s7, s8, s9, s10, s11, s12 };
}

variable d4_hallucination {
	type discrete[13] { s0, s1, s2, s3, s4, s5, s6, s7, s8, s9, s10, s11, s12 };
}

variable d4_delusion {
	type discrete[13] { s0, s1, s2, s3, s4, s5, s6, s7, s8, s9, s10, s11, s12 };
}

variable d4_diplopia {
	type discrete[13] { s0, s1, s2, s3, s4, s5, s6, s7, s8, s9, s10, s11, s12 };
}

variable d5_loss_concentration {
	type discrete[13] { s0, s1, s2, s3, s4, s5, s6, s7, s8, s9, s10, s11, s12 };
}

variable d5_forget_explicit {
	type discrete[13] { s0, s1, s2, s3, s4, s5, s6, s7, s8, s9, s10, s11, s12 };
}

variable d5_forget_implicit {
	type discrete[13] { s0, s1, s2, s3, s4, s5, s6, s7, s8, s9, s10, s11, s12 };
}

variable d6_drooling {
	type discrete[13] { s0, s1, s2, s3, s4, s5, s6, s7, s8, s9, s10, s11, s12 };
}

variable d6_swallowing {
	type discrete[13] { s0, s1, s2, s3, s4, s5, s6, s7, s8, s9, s10, s11, s12 };
}

variable d6_constipation {
	type discrete[13] { s0, s1, s2, s3, s4, s5, s6, s7, s8, s9, s10, s11, s12 };
}

variable d7_urinary_urgency {
	type discrete[13] { s0, s1, s2, s3, s4, s5, s6, s7, s8, s9, s10, s11, s12 };
}

variable d7_urinary_frequency {
	type discrete[13] { s0, s1, s2, s3, s4, s5, s6, s7, s8, s9, s10, s11, s12 };
}

variable d7_nocturia {
	type discrete[13] { s0, s1, s2, s3, s4, s5, s6, s7, s8, s9, s10, s11, s12 };
}

variable d8_sex_drive {
	type discrete[13] { s0, s1, s2, s3, s4, s5, s6, s7, s8, s9, s10, s11, s12 };
}

variable d8_sex_dysfunction {
	type discrete[13] { s0, s1, s2, s3, s4, s5, s6, s7, s8, s9, s10, s11, s12 };
}

variable d9_unexplained_pain {
	type discrete[13] { s0, s1, s2, s3, s4, s5, s6, s7, s8, s9, s10, s11, s12 };
}

variable d9_taste_smell {
	type discrete[13] { s0, s1, s2, s3, s4, s5, s6, s7, s8, s9, s10, s11, s12 };
}

variable d9_weight_change {
	type discrete[13] { s0, s1, s2, s3, s4, s5, s6, s7, s8, s9, s10, s11, s12 };
}

variable d9_sweating {
	type discrete[13] { s0, s1, s2, s3, s4, s5, s6, s7, s8, s9, s10, s11, s12 };
}

probability ( variable450 ) {
	table 0.18798190887137536, 0.0044081669856265715, 0.038423734250398335, 0.01102558728196557, 0.00767678418597492, 0.0011025358332089614, 0.21504201329488168, 0.06963254625414662, 0.09821532601803362, 0.3664913970243885;
}

probability ( scm1rue | variable450 ) {
	(state0) 0.2657373431738963, 0.38598484446843256, 0.27480279785543693, 0.07347501450223425;
	(state1) 0.42865050607643324, 0.14289373475955583, 0.14289373821141274, 0.2855620209525981;
	(state2) 0.3409539272131028, 0.2639927364897727, 0.2625683028998096, 0.1324850333973147;
	(state3) 0.2307820783656647, 0.15384369612174947, 0.1538436085150127, 0.4615306169975731;
	(state4) 0.4010015073845516, 0.10037295571169368, 0.2979961274756441, 0.20062940942811064;
	(state5) 0.2500000001197236, 0.24999999996084332, 0.24999999995521, 0.24999999996422317;
	(state6) 0.6280190365014866, 0.22439749286501082, 0.12123549751448456, 0.026347973119017914;
	(state7) 0.6054681729833586, 0.19653137790392622, 0.16759790771967087, 0.030402541393044123;
	(state8) 0.7176059347358973, 0.1672223823007367, 0.08250935170839326, 0.032662331254972865;
	(state9) 0.547052532393048, 0.30768308097068414, 0.12736586802841227, 0.01789851860785572;
}

probability ( scm1lue | variable450 ) {
	(state0) 0.3138170812707037, 0.43875110586770305, 0.21028076588274439, 0.03715104697884892;
	(state1) 0.42865050489304296, 0.2855620255882917, 0.14289373475972703, 0.14289373475893824;
	(state2) 0.4207367863717976, 0.18273526160645148, 0.2378183141767342, 0.15870963784501677;
	(state3) 0.23078207836461248, 0.1538436964215862, 0.23076545701532888, 0.38460876819847234;
	(state4) 0.5012577145899427, 0.10037299961501595, 0.2979963319627482, 0.10037295383229315;
	(state5) 0.2500000000172766, 0.2500000000727326, 0.2499999999550067, 0.24999999995498418;
	(state6) 0.6151726658332562, 0.2534304870684372, 0.09585635593480116, 0.03554049116350546;
	(state7) 0.6205940239500881, 0.1672359261971049, 0.12139494399347853, 0.09077510585932855;
	(state8) 0.6383330334438195, 0.2452186274814217, 0.0947166567669084, 0.021731682307850473;
	(state9) 0.5812871410313789, 0.27169280789142314, 0.12465297661013, 0.022367074467067986;
}

probability ( scm2rue | variable450 ) {
	(state0) 0.311499220288835, 0.46378844159164256, 0.2074632533643953, 0.017249084755127212;
	(state1) 0.42865050485733064, 0.14289373943047934, 0.14289373475971034, 0.2855620209524798;
	(state2) 0.33988209796957825, 0.28984663960318136, 0.2643843307630565, 0.1058869316641838;
	(state3) 0.30770392559672927, 0.07692184922379589, 0.23076545633866238, 0.38460876884081246;
	(state4) 0.3006285517895981, 0.19762333413330097, 0.40137511784785085, 0.10037299622925012;
	(state5) 0.25000000001714534, 0.2500000000636119, 0.2499999999550353, 0.2499999999642073;
	(state6) 0.5506724380270098, 0.3444562257942247, 0.07962161156331723, 0.025249724615448357;
	(state7) 0.6210836358771167, 0.3333688399877314, 0.03035136581728958, 0.015196158317862328;
	(state8) 0.6426842713587009, 0.26969170554365474, 0.06589121713673737, 0.021732805960907146;
	(state9) 0.5717528575389459, 0.34730235107656066, 0.06903697763164572, 0.011907813752847793;
}

probability ( scm2lue | variable450 ) {
	(state0) 0.34736423813903744, 0.4882037565107653, 0.1357099695476234, 0.02872203580257386;
	(state1) 0.5713187910419075, 0.1428937394395239, 0.1428937347595951, 0.14289373475897338;
	(state2) 0.31368783570992415, 0.3162346052333229, 0.2642060089482602, 0.10587155010849267;
	(state3) 0.3077039255718892, 0.07692184922341157, 0.1538436088336582, 0.4615306163710411;
	(state4) 0.5012577536547745, 0.19762333274236585, 0.20074596001056177, 0.1003729535922979;
	(state5) 0.2500000000209488, 0.2500000000690644, 0.24999999995501898, 0.2499999999549679;
	(state6) 0.5347362842973868, 0.3611313352979984, 0.08352095740417534, 0.020611423000439458;
	(state7) 0.5910228603041551, 0.2728239231804428, 0.10584152794443039, 0.030311688570971707;
	(state8) 0.5895852656451279, 0.3669218081922157, 0.032620377159007646, 0.010872549003648604;
	(state9) 0.5950255169159048, 0.31902377524268855, 0.07426033415913584, 0.011690373682270768;
}

probability ( scm3rue | variable450 ) {
	(state0) 0.09178213510219312, 0.3713071213594787, 0.48763934156509237, 0.04927140197323582;
	(state1) 0.14289373495702667, 0.2855620266014588, 0.1428937360835415, 0.428650502357973;
	(state2) 0.026419869077777658, 0.15821773500234565, 0.6839346327050847, 0.13142776321479213;
	(state3) 0.07692184817868548, 0.07692184820481593, 0.07692184911679222, 0.7692344544997064;
	(state4) 0.20054579992946836, 0.20062954267153105, 0.4012010132895627, 0.19762364410943786;
	(state5) 0.2499999999663861, 0.24999999998829103, 0.25000000009007084, 0.24999999995525207;
	(state6) 0.24260615430831498, 0.5552377359338945, 0.17470923353853537, 0.027446876219255196;
	(state7) 0.07515578647239435, 0.2271978780960716, 0.48516711935629564, 0.21247921607523845;
	(state8) 0.20568627981828302, 0.5409416935079772, 0.23165164189026566, 0.0217203847834742;
	(state9) 0.32235227198330785, 0.5628678917411734, 0.1087712439593566, 0.006008592316162088;
}

probability ( scm3lue | variable450 ) {
	(state0) 0.051129217626486825, 0.4872208866068855, 0.4156572299683374, 0.04599266579829026;
	(state1) 0.2855620209547792, 0.14289374059459414, 0.14289373494505817, 0.42865050350556844;
	(state2) 0.026419854116009587, 0.1569956738297007, 0.6587150037851369, 0.15786946826915266;
	(state3) 0.07692184817868215, 0.07692184819483691, 0.07692185506655111, 0.7692344485599298;
	(state4) 0.401175035558089, 0.100373047784493, 0.10037301380710464, 0.3980789028503134;
	(state5) 0.24999999995936883, 0.2500000000000222, 0.249999999983129, 0.25000000005748;
	(state6) 0.17065302875598784, 0.42673888648393143, 0.33713735373513826, 0.06547073102494241;
	(state7) 0.09027594510754405, 0.1372615116513102, 0.4240253428849368, 0.34843720035620895;
	(state8) 0.19954078456358346, 0.4617003318589757, 0.3061152662836996, 0.03264361729374128;
	(state9) 0.3100431055218121, 0.4991465765137245, 0.17871896136636367, 0.012091356598099758;
}

probability ( scm4rue | variable450 ) {
	(state0) 0.08380716951167859, 0.3899191210509942, 0.487959904557548, 0.03831380487977909;
	(state1) 0.1428937407351059, 0.2855620209996877, 0.28578739028420136, 0.2857568479810049;
	(state2) 0.07925958538557581, 0.1320517639708942, 0.7094291673186222, 0.0792594833249078;
	(state3) 0.0769218484888881, 0.07692184891313235, 0.23076550028159543, 0.6153908023163842;
	(state4) 0.10037305524540865, 0.29779624531940707, 0.4012010151238205, 0.20062968431136372;
	(state5) 0.25000000001701217, 0.24999999996478045, 0.25000000006303696, 0.24999999995517053;
	(state6) 0.24499361209772183, 0.5710016357125506, 0.16724769178629015, 0.016757060403437506;
	(state7) 0.09068281696015768, 0.3629282506343072, 0.41031322246278346, 0.13607570994275164;
	(state8) 0.19571762278146088, 0.5337088670182609, 0.2597132920494917, 0.010860218150786414;
	(state9) 0.29790306560060614, 0.5848046567637338, 0.10825023334096957, 0.009042044294690469;
}

probability ( scm4lue | variable450 ) {
	(state0) 0.0625376319224948, 0.49514686776576033, 0.4192907184719177, 0.02302478183982721;
	(state1) 0.28556202692874005, 0.14289373594477972, 0.28578739259736613, 0.28575684452911404;
	(state2) 0.07941581009598513, 0.20903252103656422, 0.5530352024132954, 0.15851646645415518;
	(state3) 0.07692184848888836, 0.0769218481575611, 0.15384365846067583, 0.6923126448928747;
	(state4) 0.20062956161692475, 0.39816890217421225, 0.20074596194682123, 0.20045557426204175;
	(state5) 0.25000000002097467, 0.2500000000681772, 0.24999999995585592, 0.24999999995499222;
	(state6) 0.2543368908666302, 0.4349216471454878, 0.2957382065904336, 0.015003255397448238;
	(state7) 0.13564489383389605, 0.22853965279998692, 0.45437988287067743, 0.18143557049543968;
	(state8) 0.21894635567563517, 0.5731363558864608, 0.17533766726724548, 0.03257962117065859;
	(state9) 0.3537253784762548, 0.4895104371560901, 0.14771918905839249, 0.009044995309262603;
}

probability ( scm5rise | variable450 ) {
	(state0) 0.293870913731074, 0.5628359116287124, 0.13173484043530445, 0.01155833420490899;
	(state1) 0.2855620267895494, 0.14289373595146124, 0.14289373476060008, 0.4286505024983893;
	(state2) 0.05284016595413396, 0.26289853658949675, 0.552231447250343, 0.1320298502060263;
	(state3) 0.07692184820185832, 0.07692184815818257, 0.23076498442352023, 0.6153913192164389;
	(state4) 0.3010022542556751, 0.10037301177481232, 0.10037299275643514, 0.49825174121307747;
	(state5) 0.24999999999357775, 0.25000000006347095, 0.2499999999603979, 0.2499999999825535;
	(state6) 0.45141878104676675, 0.4437094485451325, 0.0846484527923358, 0.020223317615764975;
	(state7) 0.09070207004857823, 0.12130565824066515, 0.37944732419901517, 0.4085449475117415;
	(state8) 0.4757134437809788, 0.39406212179688505, 0.11936257452451078, 0.010861859897625418;
	(state9) 0.8252970913065483, 0.15865130445071576, 0.013070157003315635, 0.0029814472394202405;
}

probability ( scm6post | variable450 ) {
	(state0) 0.20536940670367285, 0.5550644503438744, 0.2338024078413728, 0.005763735111079975;
	(state1) 0.2855620267896123, 0.14289373594244514, 0.14289373491048957, 0.428650502357453;
	(state2) 0.05299589779362432, 0.23758986648500274, 0.6565744502277213, 0.05283978549365165;
	(state3) 0.07692184820185319, 0.07692184815735674, 0.30768692265519404, 0.538469380985596;
	(state4) 0.20062953917571, 0.2007457570669195, 0.2977056545005441, 0.3009190492568264;
	(state5) 0.2499999999936332, 0.2500000000629958, 0.24999999998810374, 0.24999999995526734;
	(state6) 0.5347198264066683, 0.3646165839350566, 0.09055266985602098, 0.010110919802253994;
	(state7) 0.0454421209094529, 0.12131263522932254, 0.5158246255019555, 0.3174206183592692;
	(state8) 0.45465724850034234, 0.27706173049499605, 0.23570026750977988, 0.03258075349488175;
	(state9) 0.8485076864791069, 0.12210823157015374, 0.02640263576210976, 0.0029814461886297793;
}

probability ( scm7gait | variable450 ) {
	(state0) 0.10708807168856736, 0.6821110953087041, 0.20503711086778775, 0.005763722134941031;
	(state1) 0.14289373495479143, 0.2855620277860662, 0.1428937349375963, 0.428650502321546;
	(state2) 0.026419868952911204, 0.2362871736245356, 0.710873106388405, 0.02641985103414828;
	(state3) 0.07692184815724898, 0.07692184819577452, 0.38460868365759626, 0.4615476199893802;
	(state4) 0.1003729536095683, 0.30100231289014856, 0.10037301010617808, 0.4982517233941052;
	(state5) 0.24999999996621358, 0.2500000000908925, 0.24999999998771022, 0.2499999999551838;
	(state6) 0.15011852574610998, 0.6353044326681282, 0.20449032116747076, 0.010086720418290998;
	(state7) 0.015120538470626754, 0.10611826041054703, 0.7119105296317887, 0.16685067148703744;
	(state8) 0.13604516672714034, 0.7147152911961195, 0.13837855096714757, 0.010860991109592578;
	(state9) 0.5609972103304137, 0.42951662778531724, 0.006504715695639444, 0.0029814461886297785;
}

probability ( scm8spee | variable450 ) {
	(state0) 0.11982120584389326, 0.7653931625054795, 0.10870366084860779, 0.006081970802019469;
	(state1) 0.1428937347602436, 0.14289373614852455, 0.42845568093346204, 0.28575684815776975;
	(state2) 0.026421197679102476, 0.340329585783835, 0.5539918604144874, 0.07925735612257521;
	(state3) 0.07692184815724534, 0.07692184815825638, 0.5384524201630824, 0.30770388352141587;
	(state4) 0.10037302397476104, 0.3009185675793146, 0.39825283180890647, 0.20045557663701785;
	(state5) 0.24999999995502986, 0.2500000000800826, 0.24999999998235323, 0.24999999998253442;
	(state6) 0.15911934302933348, 0.7246662990668827, 0.10108407304942715, 0.015130284854356555;
	(state7) 0.029774106439298644, 0.2281020590301328, 0.6061051721704929, 0.1360186623600756;
	(state8) 0.1355229288675773, 0.7458875159162639, 0.09743057195241864, 0.02115898326374025;
	(state9) 0.6059778774707357, 0.36980984109504034, 0.018236233925632343, 0.005976047508591569;
}

probability ( scm9free | variable450 ) {
	(state0) 0.3674375140756456, 0.4442487052579921, 0.17158692242597415, 0.01672685824038811;
	(state1) 0.28556202114758944, 0.14289373476205805, 0.2857873973534564, 0.2857568467368961;
	(state2) 0.05255832686730889, 0.07822240719839403, 0.763535092481445, 0.10568417345285215;
	(state3) 0.07692184815730924, 0.07692184815725141, 0.1538432697869643, 0.6923130338984751;
	(state4) 0.20074574664436362, 0.10037301525939446, 0.3979625069688386, 0.30091873112740325;
	(state5) 0.24999999997067723, 0.24999999995573913, 0.250000000118347, 0.2499999999552367;
	(state6) 0.524269423872145, 0.29084789619233287, 0.15924021729713306, 0.02564246263838904;
	(state7) 0.18143299061319007, 0.28714612558896896, 0.31948552359251486, 0.2119353602053262;
	(state8) 0.5309082100858387, 0.2980714841125012, 0.1492883482947789, 0.02173195750688123;
	(state9) 0.8960566451483032, 0.08621868472814767, 0.011763735587820883, 0.005960934535728369;
}

probability ( scm10swa | variable450 ) {
	(state0) 0.5368167713846907, 0.38752748105236007, 0.06989204522651665, 0.005763702336432595;
	(state1) 0.14289373496502725, 0.2855620256249035, 0.2857873948815801, 0.28575684452848915;
	(state2) 0.10570925391498633, 0.49811610370156906, 0.36975478905996645, 0.026419853323478147;
	(state3) 0.15384369631686143, 0.2307654590947029, 0.46153066062577464, 0.153860183962661;
	(state4) 0.40129152597884316, 0.20045536215118184, 0.29787983585312355, 0.10037327601685145;
	(state5) 0.2499999999670096, 0.25000000006743245, 0.25000000001056905, 0.249999999954989;
	(state6) 0.6242869427301194, 0.29624074721698745, 0.07442290240574952, 0.0050494076471438235;
	(state7) 0.30218392943102396, 0.4403525695164727, 0.1818854442926784, 0.07557805675982483;
	(state8) 0.5747520446244264, 0.33730641999375544, 0.07708156712789184, 0.010859968253926289;
	(state9) 0.877476096049962, 0.10153143101827547, 0.01801102674360738, 0.0029814461881550536;
}

probability ( scm11spe | variable450 ) {
	(state0) 0.23077680947805185, 0.6706284005519314, 0.09253376497314363, 0.006061024996873089;
	(state1) 0.1428937347602708, 0.14289373595384433, 0.42845568112845545, 0.2857568481574294;
	(state2) 0.026443260529070502, 0.47230051213697577, 0.3962583217656322, 0.10499790556832157;
	(state3) 0.07692184815724536, 0.07692184818334441, 0.7692179646101294, 0.07693833904928082;
	(state4) 0.1003730245388492, 0.4011749783488174, 0.39807872321638943, 0.10037327389594396;
	(state5) 0.2499999999550903, 0.250000000068395, 0.2499999999939812, 0.24999999998253353;
	(state6) 0.19972207313199905, 0.644643103511909, 0.14050859206835833, 0.015126231287733617;
	(state7) 0.04494049897047941, 0.2738929042355692, 0.559851793479977, 0.12131480331397435;
	(state8) 0.2116266500345988, 0.6698418116376766, 0.09737256008644567, 0.02115897824127895;
	(state9) 0.7183671701231209, 0.2632789624481976, 0.012377782675815824, 0.005976084752865626;
}

probability ( scm12fee | variable450 ) {
	(state0) 0.08591533087207505, 0.7515668901414022, 0.15099571176214427, 0.011522067224378561;
	(state1) 0.14289373476114484, 0.14289373608452086, 0.28556202679606807, 0.4286505023582663;
	(state2) 0.026419860212401555, 0.18352146224605814, 0.7636388264791, 0.02641985106244043;
	(state3) 0.07692184815724544, 0.07692184843921727, 0.1538432244189797, 0.6923130789845575;
	(state4) 0.10037296871732908, 0.3009185639709239, 0.49833519563969964, 0.10037327167204738;
	(state5) 0.24999999995551614, 0.2500000000902086, 0.24999999999902556, 0.24999999995524957;
	(state6) 0.22100489069592968, 0.6288956893778692, 0.1400030796221443, 0.010096340304056817;
	(state7) 0.044873247959658934, 0.15167566682288927, 0.6522947916990968, 0.15115629351835508;
	(state8) 0.22435784222379415, 0.6767024632121275, 0.08807894319682541, 0.010860751367253002;
	(state9) 0.6192386241546453, 0.36601615781119246, 0.011759786475637465, 0.0029854315585249925;
}

probability ( scm13dre | variable450 ) {
	(state0) 0.022018631382486747, 0.6498408100055735, 0.3223768554423319, 0.005763703169607929;
	(state1) 0.14289373475937167, 0.1428937349550818, 0.28556202796254415, 0.4286505023230024;
	(state2) 0.026419854160849642, 0.18385473447787715, 0.7368857232771104, 0.05283968808416283;
	(state3) 0.07692184815724541, 0.07692184815725658, 0.23076507356794107, 0.6153912301175568;
	(state4) 0.10037295320981122, 0.20054587132369983, 0.30100227795754075, 0.39807889750894815;
	(state5) 0.2499999999553582, 0.24999999997179462, 0.25000000011766643, 0.24999999995518074;
	(state6) 0.07994804239681137, 0.7328911566116403, 0.18211112606976612, 0.005049674921782288;
	(state7) 0.015141340307026704, 0.03029760271071017, 0.7121979141375727, 0.24236314284469032;
	(state8) 0.17727243444506247, 0.7138469418726137, 0.09802065497419604, 0.010859968708127714;
	(state9) 0.5039283278574319, 0.48125171710050674, 0.011838508853906174, 0.002981446188155213;
}

probability ( scm14hyg | variable450 ) {
	(state0) 0.06377246112469778, 0.7310383082795298, 0.19942060725693728, 0.0057686233388351766;
	(state1) 0.14289373476114375, 0.14289373490112922, 0.285562027979165, 0.42865050235856195;
	(state2) 0.026419854339685057, 0.15732757690954408, 0.7898327078539532, 0.026419860896817693;
	(state3) 0.07692184815724541, 0.07692184842988169, 0.15384322442490095, 0.6923130789879719;
	(state4) 0.1003729537389038, 0.3009186330715037, 0.200629515729816, 0.39807889745977665;
	(state5) 0.24999999995551891, 0.2499999999878108, 0.25000000010141876, 0.24999999995525157;
	(state6) 0.07797011006435667, 0.8389504670911824, 0.07802974792132158, 0.005049674923139252;
	(state7) 0.015141329690087389, 0.10537173849089625, 0.6522523287796255, 0.22723460303939075;
	(state8) 0.21291051006897344, 0.7109165047814838, 0.06531301639386487, 0.01085996875567782;
	(state9) 0.5542129335583031, 0.4312087253145012, 0.011596894939040491, 0.0029814461881552136;
}

probability ( scm15cha | variable450 ) {
	(state0) 0.0729009342366161, 0.6296826289264884, 0.285862367055948, 0.01155406978094759;
	(state1) 0.14289373475936265, 0.28556202659271324, 0.14289373510521702, 0.42865050354270706;
	(state2) 0.02641985401175459, 0.1841132368460487, 0.657780837491331, 0.13168607165086565;
	(state3) 0.07692184815724541, 0.07692184819483226, 0.23076507280911784, 0.6153912308388044;
	(state4) 0.10037295422970881, 0.20074592723016826, 0.30080220466936275, 0.39807891387076033;
	(state5) 0.2499999999553154, 0.24999999998774647, 0.24999999999410505, 0.2500000000628331;
	(state6) 0.13086101261666994, 0.6755726185909046, 0.18333842764151007, 0.010227941150915371;
	(state7) 0.015115684334563501, 0.04573516232783236, 0.6365694978861527, 0.3025796554514513;
	(state8) 0.17691915735718364, 0.671312842864298, 0.1300288916244196, 0.021739108154098706;
	(state9) 0.6205720612881055, 0.36418247324288155, 0.012264019250432334, 0.002981446218580577;
}

probability ( scm16wal | variable450 ) {
	(state0) 0.047010366738491356, 0.8086863494328963, 0.13277864465125006, 0.011524639177362279;
	(state1) 0.14289373475936296, 0.2855620209539787, 0.14289374196446056, 0.4286505023221977;
	(state2) 0.026419853983867394, 0.21041837493079013, 0.7367418103216751, 0.0264199607636674;
	(state3) 0.07692184815724541, 0.07692184815741389, 0.3076869236480964, 0.5384693800372443;
	(state4) 0.1003729533421133, 0.20074583412428895, 0.20062948847986956, 0.4982517240537283;
	(state5) 0.2499999999553129, 0.2499999999649251, 0.25000000012457735, 0.24999999995518474;
	(state6) 0.08487672440739989, 0.711731034517333, 0.1983343438967536, 0.00505789717851348;
	(state7) 0.015116651287031043, 0.030391340216350073, 0.6818928427143811, 0.2725991657822378;
	(state8) 0.15622638301876013, 0.6914555638514196, 0.14145693816904578, 0.010861114960774644;
	(state9) 0.5266691112095064, 0.4564483180247301, 0.01389987495417431, 0.002982695811589235;
}

probability ( scm17han | variable450 ) {
	(state0) 0.05881871659832602, 0.7148215055222964, 0.20328623412074312, 0.023073543758634418;
	(state1) 0.14289373475888204, 0.1428937404442024, 0.14289373613999845, 0.5713187886569171;
	(state2) 0.02641985703866326, 0.23489797901135165, 0.6592306679470424, 0.07945149600294255;
	(state3) 0.07692184815724536, 0.07692184891655966, 0.2307650725719147, 0.6153912303542803;
	(state4) 0.10037296814292783, 0.10037305326453068, 0.6988806612728596, 0.1003733173196818;
	(state5) 0.24999999995497946, 0.24999999998882755, 0.25000000006977596, 0.24999999998641692;
	(state6) 0.06463551862412296, 0.5511540234125186, 0.32861273868716, 0.05559771927619854;
	(state7) 0.04488929476034844, 0.19754849412655576, 0.440040827274031, 0.31752138383906475;
	(state8) 0.09099493599756645, 0.5977997690134894, 0.30032204836789067, 0.0108832466210535;
	(state9) 0.3418099760617244, 0.5957531713561487, 0.05059455419399494, 0.01184229838813182;
}

probability ( scm18dpr | variable450 ) {
	(state0) 0.3910109665709027, 0.4857062503221161, 0.1059825765974171, 0.017300206509564146;
	(state1) 0.1428937382117895, 0.4284556753403895, 0.2857568516885543, 0.14289373475926667;
	(state2) 0.2628115714382172, 0.15841736819337782, 0.5257237411575743, 0.053047319210830744;
	(state3) 0.07692184853886, 0.15384365220386162, 0.07693834137222826, 0.6922961578850502;
	(state4) 0.29779615757142364, 0.30111874255756665, 0.30071214182045347, 0.10037295805055617;
	(state5) 0.24999999996104794, 0.24999999995947197, 0.25000000011917983, 0.24999999996030026;
	(state6) 0.5089352418043053, 0.26463336521540093, 0.1356126373984412, 0.09081875558185261;
	(state7) 0.4398644053729149, 0.27154349878008766, 0.2129904264996702, 0.07560166934732722;
	(state8) 0.7190843693084851, 0.12086352207319677, 0.11672392016139091, 0.04332818845692725;
	(state9) 0.8859070113977784, 0.090138312774424, 0.014970784878335898, 0.008983890949461905;
}

probability ( scm19dsv | variable450 ) {
	(state0) 0.40104786298239903, 0.43104593626167237, 0.1448042331020872, 0.023101967653841402;
	(state1) 0.14289373824743468, 0.14289373600598243, 0.5713187852079885, 0.14289374053859447;
	(state2) 0.23639173493468943, 0.10559417827740591, 0.5257073536732989, 0.13230673311460572;
	(state3) 0.07692184925956146, 0.07692184924550344, 0.23078199145628198, 0.6153743100386531;
	(state4) 0.2977961575749634, 0.30111898391260605, 0.20045539542065793, 0.20062946309177263;
	(state5) 0.24999999996115962, 0.24999999995531547, 0.2500000000730386, 0.25000000001048633;
	(state6) 0.5052684211550293, 0.2830424284835883, 0.14098126860922547, 0.07070788175215699;
	(state7) 0.45499202995954235, 0.24131270372585076, 0.19784938279045658, 0.10584588352415025;
	(state8) 0.7515393265395438, 0.11831633785193647, 0.10843331337061275, 0.02171102223790708;
	(state9) 0.8918564928523532, 0.0843843185767377, 0.017854949962343672, 0.005904238608565513;
}

probability ( scm20fpr | variable450 ) {
	(state0) 0.17601482078128355, 0.6077666419062194, 0.20468481717610096, 0.01153372013639592;
	(state1) 0.142893738211022, 0.2855620209562632, 0.28578739740792974, 0.285756843424785;
	(state2) 0.05275594085506834, 0.1056214084468507, 0.6043313439915641, 0.2372913067065168;
	(state3) 0.07692184851372022, 0.15384360818130524, 0.15384326550281943, 0.6153912778021551;
	(state4) 0.10037295736549334, 0.2007457934129412, 0.4983354670108501, 0.2005457822107155;
	(state5) 0.24999999995518796, 0.2499999999597371, 0.2500000001027918, 0.24999999998228306;
	(state6) 0.3359219775758533, 0.43873051986851636, 0.19006236607098448, 0.0352851364846458;
	(state7) 0.15208732516821918, 0.2716128170662827, 0.4549223249514801, 0.12137753281401795;
	(state8) 0.4929313663881792, 0.3007911935340099, 0.19540203577767631, 0.010875404300134584;
	(state9) 0.7945145011217644, 0.17889481822283365, 0.023609217577072995, 0.002981463078329122;
}

probability ( scm21fsv | variable450 ) {
	(state0) 0.17717814337967502, 0.5272982055075294, 0.2783733957790374, 0.017150255333758233;
	(state1) 0.14289373821102203, 0.28556202098869565, 0.28578739049110274, 0.2857568503091797;
	(state2) 0.0791735944926778, 0.07912990540164162, 0.6044027877124554, 0.23729371239322505;
	(state3) 0.07692184851372035, 0.07692184888033583, 0.23076502704115132, 0.6153912755647925;
	(state4) 0.10037295737423124, 0.3011186926090231, 0.1976233792765257, 0.40088497074022006;
	(state5) 0.24999999995518868, 0.24999999996435102, 0.25000000007519685, 0.25000000000526346;
	(state6) 0.3311260570084616, 0.37818171321545474, 0.24517356073752541, 0.045518669038558175;
	(state7) 0.15208854871841967, 0.16637969341858214, 0.3334338418163485, 0.3480979160466497;
	(state8) 0.5227419393040477, 0.14054820271587082, 0.3041240596202974, 0.03258579835978405;
	(state9) 0.8094305837005052, 0.16002967949711067, 0.02754451212731092, 0.002995224675073184;
}

probability ( d1_lightheaded | variable450 ) {
	(state0) 0.5437384233920451, 0.21258210628934754, 0.06124342695135022, 0.02190005739145688, 0.08968352933629783, 0.0054794643244009044, 0.027155704285652716, 0.0054794643244009044, 0.005699519455410207, 0.010599611932161202, 0.0054794643244009044, 0.0054794643244009044, 0.0054797636686745406;
	(state1) 0.06250700450581782, 0.06250700292617031, 0.06250700345479768, 0.12491538680287605, 0.06250700291024396, 0.06250700290970736, 0.06250700543787467, 0.06250700290970736, 0.06250700290970927, 0.06250700290970736, 0.06250700290970736, 0.06250700290970736, 0.1875075765039734;
	(state2) 0.08414952536192692, 0.06343724797953808, 0.0853765548958381, 0.06373726551986486, 0.31932421342988426, 0.021344568219228966, 0.1918739363217116, 0.021344568219228966, 0.021344570419930806, 0.06403384495303516, 0.021344568219228966, 0.021344568219228966, 0.021344568241354347;
	(state3) 0.09090823414338746, 0.04545411682572142, 0.13636229775868824, 0.045454116399763406, 0.09090823465523577, 0.04545411639920955, 0.04545411696813026, 0.04545411639920955, 0.0909082327984191, 0.09090795154866484, 0.04545411639920955, 0.04545411639920955, 0.18182623330515132;
	(state4) 0.20919312206214588, 0.15805131871466635, 0.052734877818481865, 0.10540821021697153, 0.05273473726935353, 0.052734707895018405, 0.052734778598143656, 0.052734707895018405, 0.052734707926928144, 0.052734707896761115, 0.052734707895018405, 0.052734707895018405, 0.05273470791647414;
	(state5) 0.07692307692247033, 0.07692307691887455, 0.07692307691887766, 0.0769230769515574, 0.07692307692218939, 0.07692307691881346, 0.07692307693427608, 0.07692307691881346, 0.07692307691886735, 0.07692307691881349, 0.07692307691881346, 0.07692307691881346, 0.07692307691882007;
	(state6) 0.6229576695781289, 0.09900458205889977, 0.05927835286147009, 0.04782002294741123, 0.06916586744310296, 0.004829912084673105, 0.03860206761180963, 0.004829912084673105, 0.024055048609232958, 0.010007265851398717, 0.004829912084673105, 0.004829912084673105, 0.009789474699853149;
	(state7) 0.42724325455393214, 0.11996551559446578, 0.07985832258155266, 0.0534013100939559, 0.040067133784875024, 0.013305530194567185, 0.07991251513142528, 0.013305530194567185, 0.05318018999849961, 0.026611061352813214, 0.013305530194567185, 0.013305530194567185, 0.06653857613021152;
	(state8) 0.2755947318306109, 0.08021900240939514, 0.14979285935664702, 0.05908459566099324, 0.10914728644736718, 0.009893026633918844, 0.06911835132858352, 0.009893026633918844, 0.12862983642320383, 0.03950917972470324, 0.009893026633918844, 0.009893026633918844, 0.04933205028282058;
	(state9) 0.7140138462443738, 0.1353385036895448, 0.04763789320546943, 0.02071165662181918, 0.032833087623293906, 0.0029035355725699524, 0.014720663178102472, 0.0029035355725699524, 0.008653953366980363, 0.002903535616228761, 0.0029035355725699524, 0.0029035355725699524, 0.0115727181639076;
}

probability ( d1_fainting | variable450 ) {
	(state0) 0.7978857096206806, 0.10913607949088225, 0.010734869729479814, 0.0055231738676185076, 0.03287561781931346, 0.0054794643244009044, 0.005487488279196017, 0.0054794643244009044, 0.00547946432445347, 0.005480275246371256, 0.0054794643244009044, 0.0054794643244009044, 0.0054794643244009044;
	(state1) 0.12491539148893242, 0.06250700290992653, 0.0625070029097988, 0.06250700290970737, 0.1250006087721198, 0.06250700290970737, 0.06250700290972089, 0.06250700290970737, 0.0625070029097074, 0.12501397064154998, 0.06250700290970737, 0.06250700290970737, 0.0625070029097074;
	(state2) 0.38186833142005616, 0.06403425876873506, 0.06415782380989311, 0.021344568219229025, 0.19111545897380913, 0.021344568219228966, 0.12806754118952776, 0.021344568219228966, 0.02134460830334958, 0.02134456821925534, 0.021344568219228966, 0.021344568219228966, 0.021344568219228987;
	(state3) 0.18181641597884404, 0.045454116399846034, 0.09090823280350815, 0.04545411639920955, 0.09091797729737983, 0.04545411639920955, 0.13636206794777006, 0.04545411639920955, 0.04545411639920961, 0.04545414197976583, 0.04545411639920955, 0.04545411639920955, 0.13636234919762866;
	(state4) 0.3671834869764988, 0.05273470792595798, 0.05273472605596016, 0.05273470796481791, 0.0527347079085935, 0.052734707895018405, 0.05273470789779528, 0.052734707895018405, 0.052734707895139496, 0.052734707895051615, 0.052734707895018405, 0.052734707895018405, 0.05273470790011154;
	(state5) 0.07692307697407434, 0.07692307691896143, 0.07692307691882103, 0.0769230769188143, 0.07692307691882072, 0.07692307691881345, 0.07692307691881367, 0.07692307691881345, 0.07692307691881352, 0.07692307691881381, 0.07692307691881345, 0.07692307691881345, 0.07692307691881345;
	(state6) 0.9082870499305984, 0.004857451448834582, 0.019073624386903697, 0.01449093758568367, 0.009822376411593135, 0.004829912084673106, 0.004829982224701314, 0.004829912084673106, 0.004829912085124009, 0.009659105503195126, 0.004829912084673106, 0.004829912084673106, 0.004829912084673722;
	(state7) 0.773728210842453, 0.026613213955914594, 0.013377502606141413, 0.01330555238737073, 0.0399201955912565, 0.01330553019456719, 0.013305579077649586, 0.01330553019456719, 0.026611035346428596, 0.013305539608138375, 0.01330553019456719, 0.01330553019456719, 0.026611049806378524;
	(state8) 0.7399484600389513, 0.0594619320589978, 0.04953049201758966, 0.04184046856299649, 0.020181430366388628, 0.009893026633918842, 0.019786021675348976, 0.009893026633918842, 0.009893026674165728, 0.009893027568354732, 0.009893026633918842, 0.009893026633918842, 0.009893034501531329;
	(state9) 0.927777943164077, 0.023420879015501096, 0.008925459898713291, 0.005117433960338817, 0.005727223615302438, 0.0029035355725699524, 0.008706311338077193, 0.0029035355725699524, 0.0029035355725699524, 0.0029035355725704477, 0.0029035355725699524, 0.0029035355725699524, 0.0029035355725699524;
}

probability ( d2_drowsiness | variable450 ) {
	(state0) 0.47265046222526536, 0.2228655032565493, 0.07483636215633815, 0.017533053619589723, 0.12405194820429838, 0.0054794643244009044, 0.02792255861365651, 0.0054794643244009044, 0.0054796668007313165, 0.010853999467149057, 0.0054794643244009044, 0.0054794643244009044, 0.021888588358818416;
	(state1) 0.1250139706419045, 0.06250700290995895, 0.06250700290974508, 0.12491538628140672, 0.0625070029959146, 0.06250700290970736, 0.12500060877659802, 0.06250700290970736, 0.06250700347029065, 0.06250700297125518, 0.06250700290970736, 0.06250700290970736, 0.06250700740409679;
	(state2) 0.21056110603240016, 0.0640412830261993, 0.0853777970506972, 0.021345588765199958, 0.25612442389500945, 0.021344568219228966, 0.10674617100990462, 0.021344568219228966, 0.04265304375090475, 0.04268926699799094, 0.021344568219228966, 0.021344568219228966, 0.08508304659477776;
	(state3) 0.09090825938314365, 0.045454116399211486, 0.045454116404585014, 0.0454541164000354, 0.13636229750280907, 0.04545411639920955, 0.18182620970597418, 0.04545411639920955, 0.04545411746633416, 0.13636206811006388, 0.04545411639920955, 0.04545411639920955, 0.09090823303100495;
	(state4) 0.15803775369745737, 0.10382887623957264, 0.05273470818688517, 0.10531676366559353, 0.05273471067008405, 0.052734707895018405, 0.052734708802590416, 0.052734707895018405, 0.05273487507215017, 0.15820401429328773, 0.052734707895018405, 0.052734707895018405, 0.0527347577923052;
	(state5) 0.0769230769188258, 0.07692307691892071, 0.07692307691883109, 0.07692307692005249, 0.07692307692397414, 0.07692307691881345, 0.07692307691900366, 0.07692307691881345, 0.07692307692051996, 0.07692307692721408, 0.07692307691881345, 0.07692307691881345, 0.0769230769574043;
	(state6) 0.494393663570442, 0.074117069546792, 0.051346675934457194, 0.0932176097109994, 0.12771252819037393, 0.004829912084673106, 0.05844338285929169, 0.004829912084673106, 0.04755575370551052, 0.009710710310809986, 0.004829912084673106, 0.004829912084673106, 0.024182957832630886;
	(state7) 0.34741088576901386, 0.026622372555998728, 0.053226232189108005, 0.10674352760898556, 0.11987124003712278, 0.013305530194567185, 0.06656064859893625, 0.013305530194567185, 0.05327645682629063, 0.013305582000107506, 0.013305530194567185, 0.013305530194567185, 0.15976093363616786;
	(state8) 0.31992296048525865, 0.07936106979633052, 0.06025512486444889, 0.029619257592863865, 0.13966831862979856, 0.009893026633918844, 0.1890775209493012, 0.009893026633918844, 0.0632430673056844, 0.019893896989221553, 0.009893026633918844, 0.009893026633918844, 0.059386676851417124;
	(state9) 0.6709213897785966, 0.06965492508330318, 0.07148639916115115, 0.03916329321061842, 0.06908113679453547, 0.0029035355725699516, 0.03684026296726109, 0.0029035355725699516, 0.01672083599625183, 0.011607496594837024, 0.0029035355725699516, 0.0029035355725699516, 0.0029101181231651996;
}

probability ( d2_fatigue | variable450 ) {
	(state0) 0.18892768265081528, 0.31686133732916744, 0.12752929194953647, 0.013713861041702214, 0.21551357855201417, 0.005479464324400906, 0.06009994779180701, 0.005479464324400906, 0.0226101202595762, 0.021818021400659218, 0.005479464324400906, 0.005479464324400906, 0.011008301727118516;
	(state1) 0.06250700290979007, 0.0625070029097374, 0.06250700297126009, 0.06250700290997016, 0.06250700290992064, 0.06250700290970736, 0.06250700301179489, 0.06250700290970736, 0.12491538929284358, 0.1875075765040389, 0.06250700290970736, 0.06250700290970736, 0.06250700494181477;
	(state2) 0.02149962894881033, 0.0427016995388591, 0.12674834507847313, 0.0426530636770604, 0.17078803558445807, 0.021344568219228966, 0.19080128580282166, 0.021344568219228966, 0.12799868097937248, 0.06380559145186598, 0.021344568219228966, 0.021344568219228966, 0.12762539606136303;
	(state3) 0.04545411641826213, 0.04545411639922909, 0.045454116560513125, 0.09090823279729879, 0.0454541163992133, 0.04545411639920955, 0.1363620707502369, 0.04545411639920955, 0.0454541170753211, 0.13637211690420906, 0.04545411639920955, 0.04545411639920955, 0.22727053109887824;
	(state4) 0.052734708407534026, 0.10382885111470463, 0.05273470944468131, 0.0527347079256808, 0.05273470790451835, 0.052734707895018405, 0.05273471598841527, 0.052734707895018405, 0.10536454035656136, 0.2634595161125664, 0.052734707895018405, 0.052734707895018405, 0.05273471116526415;
	(state5) 0.07692307691881568, 0.07692307692044359, 0.07692307692721143, 0.07692307692044258, 0.07692307691891868, 0.07692307691881345, 0.07692307692232923, 0.07692307691881345, 0.07692307692733598, 0.07692307691885046, 0.07692307691881345, 0.07692307691881345, 0.07692307695039859;
