network Best LCM {
}

variable variable530 {
	type discrete[10] { state0, state1, state2, state3, state4, state5, state6, state7, state8, state9 };
}

variable d1_lightheaded {
	type discrete[7] { s0, s1, s2, s3, s4, s5, s6 };
}

variable d1_fainting {
	type discrete[7] { s0, s1, s2, s3, s4, s5, s6 };
}

variable d2_drowsiness {
	type discrete[7] { s0, s1, s2, s3, s4, s5, s6 };
}

variable d2_fatigue {
	type discrete[7] { s0, s1, s2, s3, s4, s5, s6 };
}

variable d2_insomnia {
	type discrete[7] { s0, s1, s2, s3, s4, s5, s6 };
}

variable d2_rls {
	type discrete[7] { s0, s1, s2, s3, s4, s5, s6 };
}

variable d3_loss_interest {
	type discrete[7] { s0, s1, s2, s3, s4, s5, s6 };
}

variable d3_loss_activities {
	type discrete[7] { s0, s1, s2, s3, s4, s5, s6 };
}

variable d3_anxiety {
	type discrete[7] { s0, s1, s2, s3, s4, s5, s6 };
}

variable d3_depression {
	type discrete[7] { s0, s1, s2, s3, s4, s5, s6 };
}

variable d3_flat_affect {
	type discrete[7] { s0, s1, s2, s3, s4, s5, s6 };
}

variable d3_loss_pleasure {
	type discrete[7] { s0, s1, s2, s3, s4, s5, s6 };
}

variable d4_hallucination {
	type discrete[7] { s0, s1, s2, s3, s4, s5, s6 };
}

variable d4_delusion {
	type discrete[7] { s0, s1, s2, s3, s4, s5, s6 };
}

variable d4_diplopia {
	type discrete[7] { s0, s1, s2, s3, s4, s5, s6 };
}

variable d5_loss_concentration {
	type discrete[7] { s0, s1, s2, s3, s4, s5, s6 };
}

variable d5_forget_explicit {
	type discrete[7] { s0, s1, s2, s3, s4, s5, s6 };
}

variable d5_forget_implicit {
	type discrete[7] { s0, s1, s2, s3, s4, s5, s6 };
}

variable d6_drooling {
	type discrete[7] { s0, s1, s2, s3, s4, s5, s6 };
}

variable d6_swallowing {
	type discrete[7] { s0, s1, s2, s3, s4, s5, s6 };
}

variable d6_constipation {
	type discrete[7] { s0, s1, s2, s3, s4, s5, s6 };
}

variable d7_urinary_urgency {
	type discrete[7] { s0, s1, s2, s3, s4, s5, s6 };
}

variable d7_urinary_frequency {
	type discrete[7] { s0, s1, s2, s3, s4, s5, s6 };
}

variable d7_nocturia {
	type discrete[7] { s0, s1, s2, s3, s4, s5, s6 };
}

variable d8_sex_drive {
	type discrete[7] { s0, s1, s2, s3, s4, s5, s6 };
}

variable d8_sex_dysfunction {
	type discrete[7] { s0, s1, s2, s3, s4, s5, s6 };
}

variable d9_unexplained_pain {
	type discrete[7] { s0, s1, s2, s3, s4, s5, s6 };
}

variable d9_taste_smell {
	type discrete[7] { s0, s1, s2, s3, s4, s5, s6 };
}

variable d9_weight_change {
	type discrete[7] { s0, s1, s2, s3, s4, s5, s6 };
}

variable d9_sweating {
	type discrete[7] { s0, s1, s2, s3, s4, s5, s6 };
}

probability ( variable530 ) {
	table 0.003327915889768094, 0.038149030589895154, 0.077826989472909, 0.08771284562951494, 0.015421809621838648, 0.022033090792814233, 0.1509525874649503, 0.0209638851764881, 0.19558415245382035, 0.38802769290800115;
}

probability ( d1_lightheaded | variable530 ) {
	(state0) 0.22177543907102676, 0.11092289616919329, 0.22178288942826324, 0.11280865720652268, 0.11090225912336388, 0.11089178566298079, 0.1109160733386494;
	(state1) 0.27119419814717993, 0.17324048520171742, 0.3374262314300894, 0.07419148822801835, 0.0946821942511368, 0.02463088878947551, 0.024634513952382513;
	(state2) 0.5189260564798919, 0.0939619954700204, 0.1310669421500476, 0.051405527702447704, 0.08598454915858003, 0.03917312164324999, 0.0794818073957623;
	(state3) 0.35850524246682525, 0.29317850916824995, 0.23655177221856682, 0.04102089723229238, 0.04735492232643779, 0.011689185549055939, 0.011699471038572233;
	(state4) 0.15132982076756074, 0.501369610698715, 0.05038205423189495, 0.14626094692323652, 0.050574551769214104, 0.050033859451216155, 0.05004915615816276;
	(state5) 0.03848716832758893, 0.03848522844219944, 0.19248171247183893, 0.2687292160405444, 0.11545521890822787, 0.1539387925606469, 0.19242266324895355;
	(state6) 0.45690177176126534, 0.1911593687723561, 0.1511104349428245, 0.08978494364516301, 0.044151569867560324, 0.020904317596418902, 0.04598759341441178;
	(state7) 0.19998231733463295, 0.27885770108178687, 0.1582948195482434, 0.12283458388779674, 0.08013137897933248, 0.07995147067250638, 0.07994772849570128;
	(state8) 0.5950678024957329, 0.3278571235048808, 0.03275217480687481, 0.019152697344480458, 0.008800720173539068, 0.005452961760927641, 0.010916519913564288;
	(state9) 0.7797812228141974, 0.1319857920495641, 0.06272789124351133, 0.008942823657367632, 0.007206527126303582, 0.005621278655478399, 0.0037344644535772247;
}

probability ( d1_fainting | variable530 ) {
	(state0) 0.33464078959162896, 0.11090497531177154, 0.11088465551391183, 0.11088430117673698, 0.11088510817671353, 0.11091183775234709, 0.11088833247689017;
	(state1) 0.7548423684298231, 0.04969381745869175, 0.0724350460729323, 0.049138375304736526, 0.024630701795369435, 0.02462983246131642, 0.02462985847713051;
	(state2) 0.7981065096603497, 0.05980366569854943, 0.05069884748252933, 0.02611003657232937, 0.02611097369856123, 0.01305669350203884, 0.026113273385642143;
	(state3) 0.69582977202572, 0.20844967729620284, 0.04853061000729646, 0.012118692078430447, 0.011688326008989473, 0.011694610270306337, 0.011688312313054392;
	(state4) 0.5999660119092978, 0.10048928925993626, 0.09940416836694736, 0.05004662055988198, 0.050031763460584244, 0.05003107866518705, 0.050031067778165295;
	(state5) 0.11495940114689043, 0.0769612052658155, 0.34643338715135824, 0.269223255896879, 0.03848520190754808, 0.03848540465579187, 0.1154521439757168;
	(state6) 0.9216177855286019, 0.024265369619372125, 0.025828853149360075, 0.00701945587456904, 0.006997468434535815, 0.007273842831678025, 0.006997224561882948;
	(state7) 0.6800950553110647, 0.08004161199901566, 0.03998123677360145, 0.03997748918334872, 0.03998079982437172, 0.07994424935835853, 0.03997955755023911;
	(state8) 0.8649080664538613, 0.08718015820864732, 0.015370995912461886, 0.01618255079252437, 0.005452716609034733, 0.005452795497556601, 0.005452716525913825;
	(state9) 0.9536581310286252, 0.01704503916319293, 0.015435672887888325, 0.0027981289421276107, 0.00279375559626632, 0.005475516785796862, 0.002793755596102602;
}

probability ( d2_drowsiness | variable530 ) {
	(state0) 0.11093385572908863, 0.1109055853331275, 0.11092095361706822, 0.11091796523292245, 0.11088894862181131, 0.3345465524896659, 0.11088613897631579;
	(state1) 0.3208781135563034, 0.14840793597198162, 0.2185589137854447, 0.14377763309239772, 0.06973740310732436, 0.02463281183320821, 0.07400718865334008;
	(state2) 0.37993858805964364, 0.09155781404650036, 0.17954480111365903, 0.1057002711284769, 0.0554687599442689, 0.019901537202190556, 0.1678882285052607;
	(state3) 0.3219021519963088, 0.19620763512691894, 0.304525532867408, 0.11693930746701457, 0.012854441922721302, 0.012010426868299994, 0.03556050375132838;
	(state4) 0.2989454209150243, 0.24991699405612497, 0.10004502032412374, 0.1007256643732202, 0.05007544811201515, 0.10006252633206002, 0.1002289258874316;
	(state5) 0.03870883444168205, 0.07697051076551949, 0.3076774907518326, 0.3078805376109847, 0.07697019862645206, 0.15327369378200018, 0.03851873402152896;
	(state6) 0.5089548583846377, 0.07623566782131394, 0.2075803749824129, 0.07874267457017597, 0.06818783380092681, 0.024342365402102044, 0.03595622503843071;
	(state7) 0.12277150379715426, 0.1198803864226634, 0.12002208751932174, 0.3573568283279903, 0.12002430939236763, 0.03998563058189423, 0.1199592539586084;
	(state8) 0.5568234145233533, 0.29131926975396355, 0.10890384053235212, 0.010919253345151871, 0.005455958685941969, 0.01073120385152349, 0.015847059307713903;
	(state9) 0.6716873276770416, 0.139295935496624, 0.12763479731253996, 0.027528693994194834, 0.019756537254745323, 0.005590871450912333, 0.00850583681394191;
}

probability ( d2_fatigue | variable530 ) {
	(state0) 0.22176834731075093, 0.11277800090347229, 0.11088888427771838, 0.11089329074922746, 0.11090700295614016, 0.22186572055353426, 0.11089875324915648;
	(state1) 0.09941940160565176, 0.14566204201131222, 0.07159450050001881, 0.26968637665447226, 0.11953932522292922, 0.12197560132480449, 0.17212275268081123;
	(state2) 0.14899532400023952, 0.027185271220504705, 0.12105482706426494, 0.10472382374472967, 0.2414197128623216, 0.04155373478364172, 0.3150673063242979;
	(state3) 0.07126118664412733, 0.29837445966016857, 0.4357473485908684, 0.06444759315299273, 0.05994756854235016, 0.05827241598482892, 0.011949427424663824;
	(state4) 0.19919462124730722, 0.10018056681473142, 0.15186006634611318, 0.10010463913452534, 0.1515625318290628, 0.19682096186730655, 0.10027661276095348;
	(state5) 0.07697017725257851, 0.07630969665933236, 0.19244398274158922, 0.3076899535544335, 0.07698286819992008, 0.15394126273422357, 0.1156620588579229;
	(state6) 0.27884639504630376, 0.07262435494186341, 0.16869969388877715, 0.09962927634855105, 0.13310557432894451, 0.08953765194878482, 0.1575570534967753;
	(state7) 0.07910995708643251, 0.039985428636827115, 0.16000878006075545, 0.3183532860259339, 0.08003046371292634, 0.12275205042301554, 0.19976003405410928;
	(state8) 0.3126363121996926, 0.45329135415732374, 0.14998505430942877, 0.04757346590711053, 0.018635295057723485, 0.0054963310040221786, 0.012382187364698576;
	(state9) 0.6182805403620697, 0.15355445824198222, 0.117021322967308, 0.06032668971735142, 0.028092711505472164, 0.0057829615988899295, 0.016941315606926813;
}

probability ( d2_insomnia | variable530 ) {
	(state0) 0.11090515116231514, 0.22177218428268292, 0.11091438087533079, 0.11091346532557228, 0.11088784772482879, 0.22368765299176846, 0.11091931763750167;
	(state1) 0.31391213242545757, 0.14728915648105462, 0.0963812434617946, 0.1230465151225492, 0.07437837600579698, 0.09731051803151351, 0.14768205847183352;
	(state2) 0.356718700678181, 0.06663031172888767, 0.05598587221746306, 0.08783519442753816, 0.16226381413529353, 0.026076395427217406, 0.24448971138541914;
	(state3) 0.33623437130846406, 0.2410595813909047, 0.21437051642899801, 0.13674053534110778, 0.023975697125565666, 0.034964697861147885, 0.012654600543811772;
	(state4) 0.1508190735064044, 0.102249818259687, 0.15016411329440071, 0.09706931602926087, 0.1491837740213847, 0.10015090811938979, 0.2503629967694725;
	(state5) 0.03849849353785066, 0.038491980237445045, 0.2692256931107984, 0.3464149388034497, 0.15394070513693642, 0.11493829153580497, 0.03848989763771475;
	(state6) 0.4402213381073552, 0.10313691137315274, 0.14186622419246722, 0.0542128511681619, 0.07807754870740662, 0.042443938165704305, 0.14004118828575207;
	(state7) 0.2776066120941689, 0.07996446190829594, 0.16000416742954585, 0.12263304556020173, 0.07995614164421155, 0.11993995514965723, 0.15989561621391893;
	(state8) 0.5056575969385013, 0.33888384541313793, 0.10946578374053176, 0.01154784984257983, 0.010790891937155312, 0.010506798747702347, 0.01314723338039142;
	(state9) 0.7335267525007055, 0.07643522040769926, 0.06455964081253848, 0.03828333417564168, 0.05414856172976593, 0.00576048267838451, 0.027286007695264927;
}

probability ( d2_rls | variable530 ) {
	(state0) 0.11281738799699535, 0.22177062026829913, 0.11095297745111761, 0.11088549326677188, 0.11088663429783437, 0.22180193550496335, 0.11088495121401831;
	(state1) 0.5633545217637334, 0.07190834185316072, 0.19194453025315023, 0.07391195779574423, 0.024684482250241557, 0.0492850632845799, 0.024911102799390246;
	(state2) 0.6440490914247854, 0.0389993944817562, 0.06570727054046777, 0.039182324611509396, 0.11791202252532773, 0.03938129638986932, 0.054768600026284045;
	(state3) 0.5167543831952286, 0.1543387546022467, 0.20076646875438084, 0.05681507805400488, 0.011693172690312465, 0.03485313250592305, 0.024779010197903482;
	(state4) 0.3015613597829616, 0.05017738266782148, 0.24614630067677187, 0.10006420221381439, 0.10011402085908963, 0.10006213799111606, 0.10187459580842484;
	(state5) 0.11501146750767997, 0.07696604309793785, 0.3846644621415897, 0.15395059227475452, 0.07697022473758486, 0.15395200650326768, 0.03848520373718531;
	(state6) 0.6432005577478892, 0.05281334846285804, 0.11363103970048447, 0.02762669879096228, 0.055911041771402346, 0.04813980249223081, 0.058677511034173006;
	(state7) 0.31834240515059253, 0.07996108018526384, 0.20274263189921884, 0.11993728262043112, 0.03999894166140718, 0.11992931040056927, 0.11908834808251713;
	(state8) 0.6642082426835121, 0.24865285987194444, 0.04193413504873713, 0.017014246981873416, 0.010950742421157619, 0.005482800262629113, 0.011756972730146222;
	(state9) 0.7734725399815828, 0.11660174741735299, 0.05889416379333858, 0.016953318339021015, 0.01946189964499748, 0.005908817331838852, 0.008707513491868305;
}

probability ( d3_loss_interest | variable530 ) {
	(state0) 0.11088980033465666, 0.11088527927330474, 0.22369036058683878, 0.11092251717021719, 0.1108982116235754, 0.1109300617751244, 0.22178376923628285;
	(state1) 0.12357110695083581, 0.2195286081730095, 0.23890744697917968, 0.2943235925390569, 0.02492586096450702, 0.024680033378187496, 0.07406335101522374;
	(state2) 0.25256920869913413, 0.05281094172400429, 0.2342505330051023, 0.09557491091785163, 0.16942163185103737, 0.013062318023521036, 0.1823104557793492;
	(state3) 0.31032680111906125, 0.2646531744473397, 0.30554218489171503, 0.038388621770041216, 0.034723374018443574, 0.03465936973022352, 0.011706474023175789;
	(state4) 0.2023062936636476, 0.09943016029488687, 0.10008971394797428, 0.15022776396807083, 0.05135584464950283, 0.1465595171931029, 0.25003070628281465;
	(state5) 0.038486300608626595, 0.11526806942649247, 0.46132890292268436, 0.15400695176468304, 0.0769659649172702, 0.07696871201454625, 0.07697509834569703;
	(state6) 0.7909904402388204, 0.042104016314802505, 0.08544587759953336, 0.03898057935524003, 0.007026617030589604, 0.021236846578252113, 0.014215622882761784;
	(state7) 0.15753574078828392, 0.19983738808330617, 0.2400602948150331, 0.19988532888652816, 0.03998656766980645, 0.08278270337685595, 0.0799119763801862;
	(state8) 0.5178282304746731, 0.3858342695349507, 0.044598895280467774, 0.029892551578728787, 0.005505732078482161, 0.010887396569275879, 0.0054529244834215715;
	(state9) 0.9110260736894459, 0.04928476322414121, 0.021840488270167727, 0.009465297650793639, 0.0027957329834216887, 0.002793776946506765, 0.0027938672355232457;
}

probability ( d3_loss_activities | variable530 ) {
	(state0) 0.2217821909738172, 0.11088585003184662, 0.11089073218284606, 0.11280840858296196, 0.1108871173861712, 0.22183197121509135, 0.11091372962726567;
	(state1) 0.04955581107379978, 0.09646569707555397, 0.21525290024764843, 0.514356216541174, 0.049550801317245693, 0.02525265218944434, 0.04956592155513377;
	(state2) 0.2600942531897224, 0.04016001564088358, 0.1156477361114454, 0.06486992433595268, 0.1915879982639732, 0.039225409938242306, 0.2884146625197803;
	(state3) 0.22326692008834745, 0.2028593222204227, 0.4265442521976757, 0.041318321854718676, 0.04688187604965873, 0.047422296257487125, 0.011707011331689663;
	(state4) 0.30188451621041196, 0.050071881802579564, 0.050258011871112944, 0.10007118820993446, 0.10086719695396815, 0.10008757676255192, 0.296759628189441;
	(state5) 0.03848628041880613, 0.15377096338998167, 0.34652191228772805, 0.2303109727865817, 0.03848522114227346, 0.11545235227343996, 0.07697229770118906;
	(state6) 0.6655180238249037, 0.08896036318994514, 0.11757854031212107, 0.027998389326099164, 0.02457714517533781, 0.04153206858538266, 0.033835469586210504;
	(state7) 0.04003092255892585, 0.11851432518173663, 0.19893436206733497, 0.16000314194682272, 0.039991083333931636, 0.19988242174360735, 0.24264374316764079;
	(state8) 0.32650871208207, 0.5736510227289968, 0.03335262130246751, 0.028443934218463324, 0.016347987206210633, 0.016202624688858015, 0.00549309777293375;
	(state9) 0.8714801688900615, 0.06362092611409181, 0.030744617788312188, 0.009473815646774991, 0.016138427847864595, 0.0028086660653954456, 0.005733377647499254;
}

probability ( d3_anxiety | variable530 ) {
	(state0) 0.11091453209600464, 0.11088963423881644, 0.11277883022815167, 0.11094357616627283, 0.11088643476830377, 0.3326893887778423, 0.11089760372460856;
	(state1) 0.16944435543884023, 0.1443358592657359, 0.14905904816273524, 0.4382612106895772, 0.02472723622132873, 0.04882422074390413, 0.025348069477878675;
	(state2) 0.2821255536062137, 0.06719276064782878, 0.06634805977103254, 0.04354084578300563, 0.15755467714433974, 0.027555196067864232, 0.35568290697971544;
	(state3) 0.3160855497358686, 0.2142892860982225, 0.4085883609872826, 0.02556672290544774, 0.011732132059543848, 0.011977186033219808, 0.011760762180415113;
	(state4) 0.10225270554663488, 0.2507706312258346, 0.10079593240989215, 0.09668351917598231, 0.1492702887007855, 0.05008570902853279, 0.25014121391233773;
	(state5) 0.03863907539053737, 0.15396625668697725, 0.3455600701316496, 0.2309310343845929, 0.038485206723286, 0.11545233036692353, 0.07696602631603333;
	(state6) 0.5394026660286767, 0.09242332349126166, 0.11491706579885907, 0.11938991579350822, 0.0514583638919613, 0.04812412707441089, 0.03428453792132221;
	(state7) 0.2376089763740694, 0.04002420232671092, 0.07983414988519737, 0.24262746132830237, 0.07995195284001283, 0.15998565933784845, 0.15996759790785844;
	(state8) 0.2859670296133391, 0.5154430894316939, 0.14289113274850668, 0.038957203076354904, 0.005684035377065882, 0.005454884526173161, 0.005602625226866373;
	(state9) 0.8267980590260453, 0.09193567719312283, 0.042668904136769374, 0.012499963360332616, 0.012698388032854507, 0.0027973002234654726, 0.01060170802740984;
}

probability ( d3_depression | variable530 ) {
	(state0) 0.11088908696797378, 0.11088472759939468, 0.11088786525016853, 0.11089379394563373, 0.11089799028306678, 0.33462023727718493, 0.11092629867657765;
	(state1) 0.12226950865829764, 0.04989985442200326, 0.17281873512558188, 0.508493421892757, 0.024724053683864978, 0.07181497340035568, 0.049979452817139385;
	(state2) 0.21351652644984148, 0.02672023971032075, 0.06898874845527936, 0.06674621132326007, 0.15759970666695608, 0.05132420123419133, 0.41510436616015095;
	(state3) 0.2438848529238349, 0.22999412521237142, 0.3437646987301067, 0.09841022826872284, 0.035134791239368926, 0.025417021194496663, 0.023394282431098652;
	(state4) 0.20193428060022955, 0.10006082938911048, 0.1507974259111831, 0.15038010526521517, 0.15003926757709984, 0.09720587134830032, 0.14958221990886142;
	(state5) 0.03850580884353304, 0.11526225218734347, 0.3465139868347618, 0.3079489214651374, 0.03848520657203957, 0.11479343482718915, 0.038490389269995706;
	(state6) 0.49141060767522915, 0.1471196473343203, 0.14621130812952135, 0.1264413701044977, 0.013543592089000274, 0.03466254181200591, 0.04061093285542516;
	(state7) 0.15850702363692085, 0.03997907695007792, 0.15920320353007297, 0.15977607545336342, 0.03997826652931023, 0.20271506272011452, 0.23984129118014003;
	(state8) 0.33640602566278616, 0.42625622514958783, 0.14056986052641102, 0.05353024842601326, 0.026842472698117976, 0.010904928826168381, 0.005490238710915492;
	(state9) 0.8238525656718957, 0.11190837944222183, 0.04361858641679244, 0.010983201540303644, 0.0029679998647159822, 0.0028242168854021627, 0.003845050178668292;
}

probability ( d3_flat_affect | variable530 ) {
	(state0) 0.11094242109132678, 0.11091243426373537, 0.11089077561658446, 0.2217712950661109, 0.11090286288575675, 0.22368332133528945, 0.11089688974119634;
	(state1) 0.3141536669486731, 0.12364313720085375, 0.2670742114495828, 0.21977265159955492, 0.02572046131046284, 0.02494923097186063, 0.024686640519012017;
	(state2) 0.455309270952951, 0.08005258930955307, 0.04058190140126567, 0.05260293003362262, 0.17743534795281066, 0.013070768579980187, 0.18094719176981675;
	(state3) 0.5235024398013104, 0.15976260565547407, 0.24587609488380655, 0.011823334719605142, 0.023291330302381168, 0.02405418290700896, 0.01169001173041379;
	(state4) 0.40319378978260106, 0.1493167371688245, 0.10064407307146618, 0.09938745958492151, 0.050711570891506554, 0.09651148742582498, 0.10023488207485516;
	(state5) 0.03852130463036988, 0.23070663731180244, 0.42355102023586283, 0.15394085562504212, 0.038485220782728195, 0.07630506304853994, 0.03848989836565456;
	(state6) 0.6987456546010539, 0.0726803088004732, 0.11132602182884231, 0.06331247404654235, 0.025805754638021757, 0.013481016665619416, 0.014648769419447155;
	(state7) 0.23926837600282208, 0.15991282223452036, 0.11995415832719578, 0.19815431446097426, 0.040073629436036734, 0.12276528933963773, 0.11987141019881298;
	(state8) 0.5726633976228078, 0.3648069318966168, 0.04048945759130128, 0.005511605255975862, 0.005614185240209186, 0.005460644811199522, 0.005453777581889645;
	(state9) 0.9321512150188308, 0.022098485772426534, 0.024190756016190276, 0.0028897194211506528, 0.012961931636659709, 0.0027937865754970883, 0.002914105559245157;
}

probability ( d3_loss_pleasure | variable530 ) {
	(state0) 0.11090815603802966, 0.11088721213461174, 0.1109224325572645, 0.11089330490801289, 0.11089551710069008, 0.334591222983285, 0.11090215427810615;
	(state1) 0.17354816360924943, 0.14838565236036058, 0.2863843758818907, 0.21919157067173145, 0.02507136453402886, 0.09783772882877713, 0.04958114411396179;
	(state2) 0.29229774973439016, 0.0397267418145873, 0.15902436278009915, 0.06730589107943005, 0.1556621678898427, 0.026136118370890676, 0.25984696833076;
	(state3) 0.3436984763953261, 0.2715301924689438, 0.3022030069853394, 0.011763485292547738, 0.012397535408124702, 0.02368290611882039, 0.034724397330897924;
	(state4) 0.3020155039382201, 0.05009304027253235, 0.05030740962574963, 0.14932261750989412, 0.10075881985818343, 0.14657593785156497, 0.2009266709438554;
	(state5) 0.038518170853904625, 0.2695979678914039, 0.4616328858072058, 0.038485556434633084, 0.03848520361129173, 0.11479029550050171, 0.0384899199010591;
	(state6) 0.7703615854450225, 0.04742687924237758, 0.0869434117988767, 0.03330469539588512, 0.033010375619644525, 0.021236131084961855, 0.007716921413231783;
	(state7) 0.11927798547853072, 0.040085445494543355, 0.15997600933496442, 0.1997536677333116, 0.11992874434978984, 0.1611530815129422, 0.19982506609591782;
	(state8) 0.5812601133352899, 0.3524414272474223, 0.017465482420011853, 0.016356361653782448, 0.021553725123025388, 0.005470079585999868, 0.005452810634468343;
	(state9) 0.9483257580573441, 0.020334934972763116, 0.010355481629585729, 0.0033482662852549728, 0.009261110985501114, 0.0027953929138213995, 0.005579055155729483;
}

probability ( d4_hallucination | variable530 ) {
	(state0) 0.22186036389021305, 0.11278092186102713, 0.11088825977408599, 0.1109013674622647, 0.11088827816329351, 0.22179633674096166, 0.11088447210815401;
	(state1) 0.48456481238612575, 0.22180230349781208, 0.1457113999069316, 0.07386091514918874, 0.024798129375445923, 0.024631678669295734, 0.02463076101520005;
	(state2) 0.714924073003886, 0.03860280551649821, 0.1170401543392743, 0.013215652956402587, 0.05222806897360532, 0.013056703689443235, 0.05093254152089034;
	(state3) 0.6585619401981877, 0.1514193990612973, 0.06269407042206357, 0.035020235408032084, 0.05723886701124074, 0.02337360728240983, 0.011691880616768811;
	(state4) 0.3989903395836731, 0.1994067668382722, 0.15093949185159541, 0.10056450605070535, 0.050036478871273285, 0.050031135081979095, 0.05003128172250174;
	(state5) 0.0384971582967858, 0.15335469249146894, 0.4617797358785179, 0.11545690859368857, 0.07697040151807111, 0.03848598571868961, 0.11545511750277807;
	(state6) 0.8555217638759313, 0.037501258424145326, 0.07013312889356979, 0.007326585619719198, 0.007097311807336016, 0.006998378770273862, 0.015421572609024476;
	(state7) 0.2410037646589992, 0.2399707801271027, 0.08003732122959618, 0.1989745773854232, 0.040063711579945704, 0.15990517915129848, 0.04004466586763434;
	(state8) 0.7931379654143611, 0.13203154059957647, 0.04205764103980995, 0.00995006887790069, 0.011235680733639583, 0.005454056472988523, 0.006133046861723711;
	(state9) 0.9624464048328691, 0.015420593648788592, 0.005593231388245321, 0.0031667738747696607, 0.0028462358937628874, 0.005586362605882644, 0.004940397755681847;
}

probability ( d4_delusion | variable530 ) {
	(state0) 0.11285970257733009, 0.11088458743628501, 0.11089288050207045, 0.22178472215439984, 0.1108954120581796, 0.22179795061621477, 0.11088474465552027;
	(state1) 0.5591895760341132, 0.17100644465390036, 0.12223658342644338, 0.04921937425832304, 0.024629908409132283, 0.049068235805509876, 0.024649877412577827;
	(state2) 0.8039428073672844, 0.013090800166245697, 0.04001665916668957, 0.03916649878766992, 0.025973128145532928, 0.013456535348157005, 0.06435357101842057;
	(state3) 0.8021897933036868, 0.11564979939361242, 0.012187714319032815, 0.011714657727669, 0.011688350601339298, 0.011692508395929356, 0.034877176258730214;
	(state4) 0.6484267767608236, 0.05003528068868133, 0.050140347810534974, 0.10008513446918166, 0.05056915910144867, 0.05006320355648563, 0.05068009761284418;
	(state5) 0.11496724098378278, 0.19248027597425008, 0.23072471862521932, 0.23091575715267443, 0.07697040122812111, 0.07697145778397456, 0.07697014825197762;
	(state6) 0.9297189685357434, 0.007626687495342738, 0.01345114663212526, 0.006999741492005298, 0.013892404181965622, 0.0208094518733692, 0.007501599789448616;
	(state7) 0.3603711564299581, 0.11992908920724257, 0.11994447750584777, 0.1198739539060716, 0.03997728998656457, 0.19992390157436646, 0.03998013138994891;
	(state8) 0.907093118518291, 0.04934390530709717, 0.021745369129640774, 0.005452784674744367, 0.005454177670690408, 0.005454265390736487, 0.0054563793087999;
	(state9) 0.9746998659523022, 0.005640683712340984, 0.005647306459223179, 0.002793756322603904, 0.005627155967054794, 0.0027956038285387, 0.002795627757936322;
}

probability ( d4_diplopia | variable530 ) {
	(state0) 0.2218878946862248, 0.11278823093260586, 0.22177413027895285, 0.11088510754938537, 0.11088831250227042, 0.11088434492282594, 0.11089197912773478;
	(state1) 0.5834998553204269, 0.1224842168300522, 0.07224281302748702, 0.0985730112473003, 0.049316547187589765, 0.024629832354398577, 0.049253724032745236;
	(state2) 0.6712453085539521, 0.07234016626998106, 0.040106856196354096, 0.013216295172292974, 0.09044980138492358, 0.013056691726430434, 0.09958488069606568;
	(state3) 0.6656719945840068, 0.10873463735117248, 0.178437907250803, 0.01170772685164645, 0.012062836879249113, 0.011688312312593098, 0.011696584770529128;
	(state4) 0.3996911048881181, 0.15060876726739555, 0.2002488507714599, 0.09930682865951007, 0.050032690836790523, 0.05003106611248, 0.050080691464245874;
	(state5) 0.11569035582163063, 0.19176034717026813, 0.3461715631489888, 0.19243693799047965, 0.03848520324757668, 0.07697014353745435, 0.038485449083601755;
	(state6) 0.8499956113239328, 0.05534657528196208, 0.03601456348659183, 0.020875197011998286, 0.01417820222159705, 0.0069972152635585415, 0.016592635410359467;
	(state7) 0.4810298167208421, 0.11909198385551288, 0.1599286746601248, 0.07995376252800043, 0.040064013458285724, 0.039977429458663574, 0.07995431931857067;
	(state8) 0.8652020816374659, 0.08925928386662291, 0.02370858279418395, 0.0054528620970148295, 0.0054716488473330145, 0.005452716525913055, 0.005452824231466439;
	(state9) 0.9296745271529495, 0.030493875210954657, 0.023008745699287528, 0.0028367019554048005, 0.008398600007321002, 0.002793755596102025, 0.002793794377980352;
}

probability ( d5_loss_concentration | variable530 ) {
	(state0) 0.33269115420563133, 0.11088438544882784, 0.11092948062966766, 0.11091808198954944, 0.1108845280059975, 0.11091626942000589, 0.11277610030032022;
	(state1) 0.19098065483313334, 0.0989929352443916, 0.291700736437354, 0.31948980846055763, 0.024791477940687902, 0.02472889916335319, 0.04931548792052225;
	(state2) 0.3140822845448351, 0.07850984964000832, 0.1899652947725706, 0.10154072730894735, 0.12150763109114326, 0.02608181859410904, 0.16831239404838644;
	(state3) 0.21303266913544172, 0.31431510787618877, 0.3283609222048038, 0.09705585246919435, 0.011929660820222086, 0.02359172267996882, 0.011714064814180594;
	(state4) 0.15134791525514238, 0.05008803604363818, 0.24856852775852048, 0.14951622411194468, 0.2503478050056699, 0.10008534626309312, 0.050046145561991225;
	(state5) 0.0769704269792899, 0.11544544633794895, 0.38485703687103073, 0.2309681850007446, 0.03848520193328111, 0.038485286072595236, 0.11478841680510941;
	(state6) 0.4603930241460767, 0.0938283630574891, 0.17503768744660742, 0.07423270697194645, 0.10515009294390376, 0.034365904148762554, 0.056992221285214216;
	(state7) 0.08005204789433275, 0.07844862828321407, 0.16270716690984519, 0.08000089043586862, 0.0399784461413815, 0.39963965620648245, 0.15917316412887533;
	(state8) 0.4066303483858062, 0.4497976368298776, 0.09619924455573974, 0.025541657814022393, 0.010851927775945397, 0.005470098034410868, 0.005509086604197792;
	(state9) 0.7614832985651714, 0.1430772087380507, 0.04698438495162986, 0.01582172389866993, 0.018564903400143003, 0.0029837213887326164, 0.011084759057602395;
}

probability ( d5_forget_explicit | variable530 ) {
	(state0) 0.2218024153773423, 0.11090205281912205, 0.11090381611927712, 0.11088655670075612, 0.11090215952100385, 0.11280831283531749, 0.22179468662718102;
	(state1) 0.14256367724826702, 0.1457363409311173, 0.244951796237459, 0.3187409460356578, 0.0738885431452681, 0.04940175383695289, 0.02471694256527794;
	(state2) 0.3025596195516885, 0.17298070339898247, 0.1309434733503406, 0.06829738014792527, 0.1356159289354896, 0.013061239332888008, 0.17654165528268562;
	(state3) 0.23571388685614156, 0.252597548497764, 0.2670672758332832, 0.14089501801457308, 0.023558978520182468, 0.0684678767322703, 0.011699415545785474;
	(state4) 0.14892828445293427, 0.2988108280595467, 0.10043074622188565, 0.10078289425039748, 0.25095585554451133, 0.05004436114658245, 0.05004703032414232;
	(state5) 0.03848726920656264, 0.23090038152878106, 0.2692129494918521, 0.23115423872698465, 0.07697022653385101, 0.07630479044955268, 0.0769701440624159;
	(state6) 0.49399920888017074, 0.18088545999017228, 0.1712260139465725, 0.0825837969243565, 0.025155150129435606, 0.015410478628295187, 0.030739891500997076;
	(state7) 0.040076878155308936, 0.12277118575608396, 0.15826005681250876, 0.12001446825072849, 0.0400958637637069, 0.23985707160691389, 0.2789244756547491;
	(state8) 0.47201212812491045, 0.38329566432868545, 0.09910781255539525, 0.01813661817741763, 0.010933775626281676, 0.005611847475335944, 0.01090215371197379;
	(state9) 0.7228250328451011, 0.18169038341750376, 0.054670318235141784, 0.01011955219002898, 0.022289675260965897, 0.005320295261918575, 0.0030847427893399833;
}

probability ( d5_forget_implicit | variable530 ) {
	(state0) 0.22366551337482274, 0.11093649497120783, 0.11090843992195673, 0.11088758428562655, 0.11088419322805458, 0.11090831208663221, 0.22180946213169925;
	(state1) 0.21604725641124323, 0.07474844975102853, 0.3662162695170527, 0.24449419864370647, 0.024631943065596126, 0.02469260809341433, 0.04916927451795844;
	(state2) 0.49004377313092634, 0.09267145081522499, 0.09212906555829788, 0.09664941572109542, 0.06954834219912091, 0.013064396106187955, 0.14589355646914642;
	(state3) 0.34560237906471375, 0.21775358340294249, 0.25107992448192895, 0.09317410848640645, 0.03397603051648868, 0.046708780681589665, 0.011705193365930113;
	(state4) 0.05018712005125312, 0.4977966739277711, 0.10065137991801827, 0.05090566146079191, 0.150335277084884, 0.10005750667262804, 0.050066380884653566;
	(state5) 0.07645932459238798, 0.1922227255789356, 0.2694816493772974, 0.26940887784795114, 0.03848520190460125, 0.07697097804890063, 0.07697124264992611;
	(state6) 0.502862313351162, 0.15686932340143883, 0.21366689835975508, 0.07154512030950233, 0.01047660352858753, 0.013993161681636359, 0.03058657936791801;
	(state7) 0.08010573760343738, 0.08119658672274434, 0.1199055267475018, 0.039983892200427334, 0.039977347342072346, 0.31980299264239986, 0.319027916741417;
	(state8) 0.5607293816623932, 0.33541473710018177, 0.05413283109055814, 0.017973863609717946, 0.014969810924461967, 0.010911281909742629, 0.00586809370294434;
	(state9) 0.7806210228492166, 0.151782826747863, 0.031057063899970993, 0.014416566999837252, 0.012624846635956588, 0.0027937671206012277, 0.006703905746554119;
}

probability ( d6_drooling | variable530 ) {
	(state0) 0.11092454289807047, 0.22177621012134321, 0.1108890937415077, 0.11090980432401887, 0.11280337734203047, 0.22179900577947542, 0.11089796579355377;
	(state1) 0.19612480553165765, 0.2453199779302451, 0.21491834206209112, 0.14553479909005282, 0.04938952382277301, 0.02467734498266495, 0.12403520658051528;
	(state2) 0.5019244805644272, 0.09231433713637517, 0.10652066711894918, 0.03930344508529038, 0.08048180448686557, 0.013057788822520082, 0.16639747678557223;
	(state3) 0.45743015902043827, 0.15250253996645124, 0.30584395805284015, 0.03668598045294102, 0.012282090030818017, 0.02337343924744161, 0.011881833229069659;
	(state4) 0.15046188515594647, 0.3523700831596564, 0.050185209491509966, 0.09653700319668994, 0.15017531377781276, 0.05005753874716408, 0.15021296647122037;
	(state5) 0.038545684527082416, 0.0769837888039339, 0.3076817083990375, 0.19245287586773205, 0.15327407194761247, 0.07697014354349101, 0.15409172691111064;
	(state6) 0.5407602180759817, 0.04555444342813497, 0.1086959493533222, 0.05987730819404959, 0.1506551355948776, 0.021160241555328155, 0.0732967037983058;
	(state7) 0.2001021187985545, 0.07986771164994283, 0.1590726617909215, 0.08272568839419324, 0.07995501935785446, 0.07995660011746338, 0.31832019989107013;
	(state8) 0.6716638827949872, 0.25014333759548363, 0.04479162958330412, 0.011269758370495148, 0.005475795644771951, 0.005697526934238776, 0.010958069076719002;
	(state9) 0.7067723558539813, 0.1438654959268769, 0.07884916019085646, 0.02044554438694767, 0.023029764577105982, 0.008181275693537833, 0.018856403370694018;
}

probability ( d6_swallowing | variable530 ) {
	(state0) 0.33271329584809917, 0.11091710919846938, 0.11089811266940641, 0.11277792451569393, 0.11091308039527782, 0.11089575635062916, 0.1108847210224241;
	(state1) 0.4158521810997533, 0.12482045278601574, 0.2863887008879149, 0.0738357559534104, 0.0495727832543949, 0.024664302635817637, 0.024865823382693265;
	(state2) 0.5366178844471418, 0.21378594378982452, 0.0930576823990665, 0.05212597823090961, 0.06520701464471634, 0.02614462029111786, 0.01306087619722344;
	(state3) 0.5338300363997728, 0.28430610022384256, 0.08850158785169919, 0.03457730338253782, 0.01182791115644707, 0.023834264053444944, 0.02312279693225575;
	(state4) 0.5505621641734815, 0.050727605948353294, 0.19845712475511715, 0.050083305683602114, 0.05008534330695413, 0.050045921458975726, 0.05003853467351604;
	(state5) 0.038490884597376554, 0.1925635194705962, 0.15385218599439493, 0.19175969213793745, 0.07697060164603572, 0.11545209913738025, 0.2309110170162789;
	(state6) 0.521798910422211, 0.12574227579709746, 0.14230439383639804, 0.0596162341577382, 0.10888616123239263, 0.020949647562554016, 0.0207023769916086;
	(state7) 0.3200256689979955, 0.1597997738430618, 0.20187980314982393, 0.08002629037511062, 0.07995562438503437, 0.11833540417682174, 0.03997743507215207;
	(state8) 0.7457518526800705, 0.21304376178653495, 0.014307666851532843, 0.005928902855769758, 0.01004687442971877, 0.005465993390237866, 0.005454948006135248;
	(state9) 0.8548753013139829, 0.07872242324072132, 0.04106168613539479, 0.004027730009320714, 0.0099902375142028, 0.005588183725737471, 0.0057344380606399094;
}

probability ( d6_constipation | variable530 ) {
	(state0) 0.2218166834150544, 0.1108854792770841, 0.11088602313561322, 0.11277837779931478, 0.11089901521389997, 0.1109434347674713, 0.22179098639156208;
	(state1) 0.2436720633426313, 0.14293635911574326, 0.09869827299204453, 0.21811900338975324, 0.07462540739516038, 0.04937975187186361, 0.17256914189280367;
	(state2) 0.4635021952383, 0.1623742887691004, 0.04171789200867259, 0.02648867321730641, 0.13074429960682662, 0.013132309581800875, 0.16204034157799307;
	(state3) 0.3000788657025661, 0.22224997055991155, 0.1593146212276427, 0.15065345143520542, 0.05944032038795803, 0.08460646546495236, 0.023656305221764033;
	(state4) 0.2484635703757191, 0.10186160867495263, 0.2986326718441808, 0.050066218571249335, 0.15079194740532303, 0.05004800516806214, 0.10013597796051306;
	(state5) 0.07697029735158324, 0.03848524329422274, 0.07697262809175921, 0.11466463749166261, 0.19241438207509984, 0.03849839776855837, 0.46199441392711393;
	(state6) 0.547239506437231, 0.02273952490592681, 0.10903906481456954, 0.06280168628460496, 0.044250138206704086, 0.048685876997425666, 0.16524420235353807;
	(state7) 0.28271856041345544, 0.039999268723502894, 0.19990780100109884, 0.07996170767805802, 0.03997904164522555, 0.158311063457234, 0.19912255708142546;
	(state8) 0.36590654054388394, 0.3168208372809452, 0.15146221143446048, 0.06874565803539219, 0.037813478597678835, 0.04753534091249542, 0.011715933195143975;
	(state9) 0.6916831740633272, 0.10715776504515057, 0.08335782523314716, 0.0297419825321425, 0.035197080105010346, 0.011493241403314536, 0.04136893161790752;
}

probability ( d7_urinary_urgency | variable530 ) {
	(state0) 0.33268787830246604, 0.1108886188809511, 0.11277718304177912, 0.1109142158290298, 0.11088636931201613, 0.11091163253819454, 0.11093410209556315;
	(state1) 0.29520233902318477, 0.025765510896226126, 0.24185535827805876, 0.28935741421980227, 0.07395477083020982, 0.04914233825435343, 0.02472226849816461;
	(state2) 0.27871271730543523, 0.16079078847718922, 0.08088673857232205, 0.08484900950612413, 0.18187850261773283, 0.0131087511769826, 0.19977349234421404;
	(state3) 0.24592387307867325, 0.2203979666848325, 0.3735076871019711, 0.10215622164055267, 0.011996779897175576, 0.02239805988126432, 0.023619411715530697;
	(state4) 0.30051046454144426, 0.25172054439134883, 0.050087688087971344, 0.05063112484748061, 0.15014893602279963, 0.050044377723641495, 0.14685686438531376;
	(state5) 0.03848523121330757, 0.07697106161914281, 0.4224905402395314, 0.19259843292410092, 0.0770300466181755, 0.07696714819477322, 0.11545753919096839;
	(state6) 0.4351124384799102, 0.08733069109423156, 0.13396644572410954, 0.03512161067227385, 0.14526129493239834, 0.08481659186147719, 0.07839092723559925;
	(state7) 0.03999143699521316, 0.04001335773877356, 0.040000458226789604, 0.11842384819117448, 0.039977770478344284, 0.1998985134999211, 0.5216946148697839;
	(state8) 0.5879282815788089, 0.28473185377472277, 0.05220525110340898, 0.04170097056000183, 0.006739060620526493, 0.005652623557161466, 0.021041958805369507;
	(state9) 0.6275169581012578, 0.134243949326069, 0.1461498889493991, 0.04851935153345919, 0.028056494733572197, 0.005379707869432874, 0.010133649486809804;
}

probability ( d7_urinary_frequency | variable530 ) {
	(state0) 0.22181276810820819, 0.11088926220914659, 0.11088801419938035, 0.11279741564446036, 0.11088624624644648, 0.11090895111173943, 0.22181734248061866;
	(state1) 0.31520991516645197, 0.12251184510610216, 0.2419972998234757, 0.22151594582860573, 0.04928979227054581, 0.024766714594955618, 0.024708487209863027;
	(state2) 0.3680041414723937, 0.12036151943749597, 0.05187165873986311, 0.041527821881962156, 0.2279148007439945, 0.013059437769608852, 0.17726061995468162;
	(state3) 0.35649571177906075, 0.21994603738478324, 0.278836486882029, 0.08737135613054188, 0.022329586611778016, 0.011983578275879802, 0.023037242935927224;
	(state4) 0.10056415097365563, 0.10049199401605416, 0.3016210029287732, 0.20032194429074432, 0.1501719608597602, 0.09651915652050683, 0.05030979041050555;
	(state5) 0.03848523628358049, 0.03848547117627348, 0.26919996213169084, 0.3458896391891388, 0.07703029356939829, 0.15393888707439607, 0.07697051057552204;
	(state6) 0.46411251254697583, 0.048456243315844964, 0.1445186024787544, 0.057297907330719954, 0.10381495034835117, 0.02885254071327594, 0.15294724326607767;
	(state7) 0.12003650350852034, 0.07995320778009238, 0.08001395398141822, 0.08000755096769385, 0.039977366203097886, 0.20257582501552746, 0.39743559254364985;
	(state8) 0.5900130006088117, 0.2397431576909836, 0.1036099902382882, 0.028990965140743084, 0.005517833417090356, 0.026632527220718724, 0.0054925256833645636;
