network Current LCM {
}

variable variable171 {
	type discrete[10] { state0, state1, state2, state3, state4, state5, state6, state7, state8, state9 };
}

variable d1_lightheaded {
	type discrete[7] { s0, s1, s2, s3, s4, s5, s6 };
}

variable d1_fainting {
	type discrete[7] { s0, s1, s2, s3, s4, s5, s6 };
}

variable d2_drowsiness {
	type discrete[7] { s0, s1, s2, s3, s4, s5, s6 };
}

variable d2_fatigue {
	type discrete[7] { s0, s1, s2, s3, s4, s5, s6 };
}

variable d2_insomnia {
	type discrete[7] { s0, s1, s2, s3, s4, s5, s6 };
}

variable d2_rls {
	type discrete[7] { s0, s1, s2, s3, s4, s5, s6 };
}

variable d3_loss_interest {
	type discrete[7] { s0, s1, s2, s3, s4, s5, s6 };
}

variable d3_loss_activities {
	type discrete[7] { s0, s1, s2, s3, s4, s5, s6 };
}

variable d3_anxiety {
	type discrete[7] { s0, s1, s2, s3, s4, s5, s6 };
}

variable d3_depression {
	type discrete[7] { s0, s1, s2, s3, s4, s5, s6 };
}

variable d3_flat_affect {
	type discrete[7] { s0, s1, s2, s3, s4, s5, s6 };
}

variable d3_loss_pleasure {
	type discrete[7] { s0, s1, s2, s3, s4, s5, s6 };
}

variable d4_hallucination {
	type discrete[7] { s0, s1, s2, s3, s4, s5, s6 };
}

variable d4_delusion {
	type discrete[7] { s0, s1, s2, s3, s4, s5, s6 };
}

variable d4_diplopia {
	type discrete[7] { s0, s1, s2, s3, s4, s5, s6 };
}

variable d5_loss_concentration {
	type discrete[7] { s0, s1, s2, s3, s4, s5, s6 };
}

variable d5_forget_explicit {
	type discrete[7] { s0, s1, s2, s3, s4, s5, s6 };
}

variable d5_forget_implicit {
	type discrete[7] { s0, s1, s2, s3, s4, s5, s6 };
}

variable d6_drooling {
	type discrete[7] { s0, s1, s2, s3, s4, s5, s6 };
}

variable d6_swallowing {
	type discrete[7] { s0, s1, s2, s3, s4, s5, s6 };
}

variable d6_constipation {
	type discrete[7] { s0, s1, s2, s3, s4, s5, s6 };
}

variable d7_urinary_urgency {
	type discrete[7] { s0, s1, s2, s3, s4, s5, s6 };
}

variable d7_urinary_frequency {
	type discrete[7] { s0, s1, s2, s3, s4, s5, s6 };
}

variable d7_nocturia {
	type discrete[7] { s0, s1, s2, s3, s4, s5, s6 };
}

variable d8_sex_drive {
	type discrete[7] { s0, s1, s2, s3, s4, s5, s6 };
}

variable d8_sex_dysfunction {
	type discrete[7] { s0, s1, s2, s3, s4, s5, s6 };
}

variable d9_unexplained_pain {
	type discrete[7] { s0, s1, s2, s3, s4, s5, s6 };
}

variable d9_taste_smell {
	type discrete[7] { s0, s1, s2, s3, s4, s5, s6 };
}

variable d9_weight_change {
	type discrete[7] { s0, s1, s2, s3, s4, s5, s6 };
}

variable d9_sweating {
	type discrete[7] { s0, s1, s2, s3, s4, s5, s6 };
}

probability ( variable171 ) {
	table 0.011462261187706846, 0.09895096034323059, 0.00573426554050491, 0.08889900295117502, 0.04005243802448423, 0.011441356761043096, 0.10930958080357381, 0.025785152824095017, 0.6054994055833638, 0.0028655759808227004;
}

probability ( d1_lightheaded | variable171 ) {
	(state0) 0.1000078959066582, 0.40000673758162214, 0.09999688724055614, 0.09999676455719361, 0.09999822643676316, 0.09999674594683368, 0.0999967423303731;
	(state1) 0.23719377064466454, 0.3447885145024939, 0.1009030811796188, 0.12150500570258144, 0.09843850429189302, 0.047836218162140745, 0.04933490551660726;
	(state2) 0.12498151657899001, 0.1251362926501048, 0.12498037928457192, 0.24996076581394502, 0.12498035664900407, 0.12498034185849723, 0.12498034716488708;
	(state3) 0.2950876037596643, 0.2199954797088054, 0.2688125250394812, 0.08102732197219026, 0.08105934046984434, 0.027008230124900792, 0.02700949892511359;
	(state4) 0.44966617617016447, 0.05046444667311908, 0.05038334717082063, 0.1995471272414864, 0.050055476948371196, 0.10010851317736415, 0.0997749126186741;
	(state5) 0.10007308471218244, 0.199438970475861, 0.20013893261067905, 0.10007020718955606, 0.10006971820397532, 0.10006972252198264, 0.20013936428576357;
	(state6) 0.4117127758387615, 0.22669215270281676, 0.13588767449628925, 0.06835308968708433, 0.08924869475844477, 0.045304458658746674, 0.022801153857856755;
	(state7) 0.06667405547628445, 0.0666758515384465, 0.13327113189049558, 0.20001072158534716, 0.1333420618965895, 0.20001309016986707, 0.20001308744296975;
	(state8) 0.7330194729349974, 0.1420391742367537, 0.07800596861540605, 0.02333214620810549, 0.009517509927198345, 0.004881596691773902, 0.00920413138576509;
	(state9) 0.14285672054666498, 0.14286622061076545, 0.14285544407020861, 0.14285541667489401, 0.14285539932008284, 0.14285539014259377, 0.14285540863479038;
}

probability ( d1_fainting | variable171 ) {
	(state0) 0.3000402247138027, 0.09999722262909805, 0.1999755842365929, 0.09999670935016323, 0.09999680817394745, 0.099996741759897, 0.0999967091364987;
	(state1) 0.7535837835121755, 0.07375210407830088, 0.07396042924246297, 0.02467075435857833, 0.024670717932284203, 0.024684502024997532, 0.024677708851200582;
	(state2) 0.2501179229703686, 0.12498035086116732, 0.1249803655845504, 0.12498034008641072, 0.12498033641944742, 0.12498034598924104, 0.12498033808881434;
	(state3) 0.5917010789896502, 0.16521048588225615, 0.10804510051347274, 0.0540184317073314, 0.027008233422851413, 0.027008440095891317, 0.027008229388546728;
	(state4) 0.5998897643621097, 0.05007013521569831, 0.050061313128776916, 0.05005430801258151, 0.10009526569300375, 0.05005431169286973, 0.09977490189495997;
	(state5) 0.2995120320093851, 0.10006971473064605, 0.10006974599868466, 0.10006971366372526, 0.10006971532318457, 0.20013936218796163, 0.10006971608641264;
	(state6) 0.7749208215133725, 0.06789348526615967, 0.06643286914962161, 0.022650551742192833, 0.022656559403121113, 0.022650574592432138, 0.02279513833310009;
	(state7) 0.13334986513111566, 0.06667107389281542, 0.3332806332989761, 0.13334328112957533, 0.06667103000462173, 0.06667103027942, 0.2000130862634758;
	(state8) 0.9357400095196634, 0.03173093141815192, 0.004922954846256416, 0.009202619733873811, 0.004601524328009081, 0.009200435879339186, 0.004601524274706167;
	(state9) 0.14286762859194901, 0.1428553915304037, 0.14285540420986378, 0.1428553911124995, 0.14285538821588256, 0.14285540645913214, 0.14285538988026933;
}

probability ( d2_drowsiness | variable171 ) {
	(state0) 0.19999445814252345, 0.19999859910035334, 0.09999849020708783, 0.10003653940731563, 0.19997326893107994, 0.09999670859014978, 0.10000193562149018;
	(state1) 0.2723125433020984, 0.1253461187016893, 0.20778613860385622, 0.14796241430717316, 0.07408993388908251, 0.0246707168163536, 0.14783213437974668;
	(state2) 0.12498118681305015, 0.12498059806373354, 0.12498041239685892, 0.12513601235920624, 0.12498033709520025, 0.2499606666526422, 0.12498078661930861;
	(state3) 0.5091656977265036, 0.2731139292926144, 0.05468688559724751, 0.08197085624632773, 0.02701933389291619, 0.027008229316522966, 0.027035067927867657;
	(state4) 0.39720319949230587, 0.15067522633302977, 0.050364218700223264, 0.20076199316253304, 0.05005431734290445, 0.05005430675723177, 0.10088673821177183;
	(state5) 0.20013974535178325, 0.19943498006201893, 0.10006974672844149, 0.2001437615158934, 0.1000697185067449, 0.10006971437990289, 0.10007233345521531;
	(state6) 0.4567573948960127, 0.13583514880133896, 0.20414199109217965, 0.11271367960355333, 0.022828673909221064, 0.0226505472414216, 0.045072564456272536;
	(state7) 0.1332699708517351, 0.06667103077332825, 0.2666831101861288, 0.1333500104049158, 0.06667102990991411, 0.20001309013260246, 0.13334175774137552;
	(state8) 0.6902750416110736, 0.15096102931579, 0.10369041847329133, 0.018307195989769067, 0.02755748463697348, 0.00460152427459423, 0.004607305698508402;
	(state9) 0.1428556333312609, 0.14285550323279828, 0.14285542316960384, 0.14286650881081422, 0.14285538798888497, 0.14285539146688198, 0.14285615199975607;
}

probability ( d2_fatigue | variable171 ) {
	(state0) 0.09999915579069336, 0.09999672104660609, 0.20001409138513743, 0.10001456960454279, 0.29997158439633703, 0.10000055486120231, 0.10000332291548093;
	(state1) 0.200364883302853, 0.1253766154542112, 0.12459497520160981, 0.1986668223630366, 0.1523068090614823, 0.09783736032427977, 0.10085253429252736;
	(state2) 0.12498034167351288, 0.24996068401658605, 0.12498176502468707, 0.12513458810126296, 0.12498123603423554, 0.12498058404039936, 0.12498080110931627;
	(state3) 0.17662832026185646, 0.3831023353853869, 0.22326547173770586, 0.08134827419668904, 0.027587416197042604, 0.08098297835680061, 0.02708520386451843;
	(state4) 0.050114237708763824, 0.05006899076737277, 0.05052133281131782, 0.25075910493457, 0.1500389952516978, 0.14804459703116937, 0.30045274149510826;
	(state5) 0.10006973341209399, 0.10006972255834977, 0.10007057656178774, 0.10007378811960801, 0.10006977698599455, 0.20014006343371019, 0.29950633892845585;
	(state6) 0.18120286007541947, 0.02277154813312915, 0.1381313800910616, 0.09054544631292849, 0.2283505962721799, 0.06902334992152301, 0.2699748191937583;
	(state7) 0.06667103050892527, 0.06667179126460211, 0.1333398324816582, 0.266693162071426, 0.1333417694636691, 0.2000132519728461, 0.13326916223687324;
	(state8) 0.41569011333100936, 0.2242216914500584, 0.16370018212464446, 0.07328566109469828, 0.04015365614985229, 0.023149218964223884, 0.05979947688551339;
	(state9) 0.1428553964082239, 0.14285539793039706, 0.14285677305472705, 0.14286508794417901, 0.14285561749718204, 0.14285545518020507, 0.14285627198508577;
}

probability ( d2_insomnia | variable171 ) {
	(state0) 0.2000170827827673, 0.2999682567102042, 0.10002248357582763, 0.09999771835560065, 0.09999908023496251, 0.09999674400862016, 0.09999863433201767;
	(state1) 0.5260172843341645, 0.14983916792268184, 0.14714750412941954, 0.026821114682878053, 0.0744883198449967, 0.024697213813960298, 0.0509893952718992;
	(state2) 0.1251352389110766, 0.12498034701389295, 0.12498182743439759, 0.12498040850492306, 0.12498034627337255, 0.24996067575837005, 0.12498115610396732;
	(state3) 0.1919086446408538, 0.1665268943271376, 0.3682375517819197, 0.10791811229706058, 0.0843112149981415, 0.02700942191603477, 0.0540881600388522;
	(state4) 0.3984398180443608, 0.05005552478699516, 0.10013252464101076, 0.10093442156591732, 0.050059045698283434, 0.05005668767843031, 0.2503219775850024;
	(state5) 0.10007662476133508, 0.100069738070009, 0.10007077431800224, 0.19943485446762185, 0.10006971693605812, 0.20013936320629672, 0.20013892824067708;
	(state6) 0.18286668721495045, 0.067998797196077, 0.1614472746557862, 0.04618302388236269, 0.11383105875314518, 0.04531307525319273, 0.3823600830444857;
	(state7) 0.13334957722659624, 0.06667178397786458, 0.06667230192627756, 0.46662207185703536, 0.13334206291837963, 0.06667103164132142, 0.06667117045252516;
	(state8) 0.5914690831902195, 0.17374782166138486, 0.0794809224853866, 0.05461921301473332, 0.036045404707875595, 0.01839829925843662, 0.046239255681963576;
	(state9) 0.14286586800705553, 0.14285539396814545, 0.14285681342860843, 0.14285546846102726, 0.14285539671245792, 0.14285541014401082, 0.14285564927869465;
}

probability ( d2_rls | variable171 ) {
	(state0) 0.10002486109683435, 0.09999676440572526, 0.19997646772449615, 0.19999169059488675, 0.1999950634358649, 0.09999671652538612, 0.10001843621680649;
	(state1) 0.6495442797685013, 0.07557142974895452, 0.10114020286533759, 0.04988547717907077, 0.024826991933437688, 0.049546042466633355, 0.0494855760380648;
	(state2) 0.25011641398037154, 0.12498033970733766, 0.124980388490126, 0.12498033677424102, 0.12498036342656486, 0.12498041172716691, 0.12498174589419185;
	(state3) 0.4087953564132806, 0.11082692277905862, 0.31793907460160803, 0.054260293031306604, 0.02701734698555097, 0.05404313745990997, 0.027117868729285198;
	(state4) 0.3498612426273895, 0.09944218925190734, 0.20025940098779552, 0.10015896322703839, 0.05005871150524576, 0.15015308942890698, 0.05006640297171638;
	(state5) 0.1994417626567871, 0.10006972129006353, 0.3002088127752076, 0.10006973499295807, 0.1000697210538822, 0.10006972705482173, 0.10007052017627983;
	(state6) 0.5732290686234583, 0.04551932865685656, 0.06507946263960634, 0.045284759037784734, 0.1799976297795227, 0.022930127868184057, 0.06795962339458723;
	(state7) 0.13327762830928735, 0.0666710299991786, 0.20001233532415533, 0.13334206037220525, 0.13334205989011277, 0.2666838516637377, 0.0666710344413229;
	(state8) 0.663745386862221, 0.19251408471960502, 0.056389866136855045, 0.02286337259476655, 0.032424640189078265, 0.013705984393953152, 0.018356665103520957;
	(state9) 0.14286617530223372, 0.14285538969800127, 0.14285546536368407, 0.1428553895992393, 0.14285540496585236, 0.14285540908381672, 0.1428567659871726;
}

probability ( d3_loss_interest | variable171 ) {
	(state0) 0.0999988218163067, 0.1000001563615328, 0.1999954579262163, 0.19999344819480663, 0.0999967237839584, 0.19999159731324628, 0.10002379460393301;
	(state1) 0.6780188330648037, 0.051650502136126535, 0.12221072571585948, 0.024764473263778824, 0.024670991413644802, 0.07400238120834832, 0.02468209319743829;
	(state2) 0.12498169565403316, 0.12498056876003022, 0.25011452041646637, 0.12498038040721839, 0.12498034276840957, 0.12498035583248007, 0.12498213616136244;
	(state3) 0.21887574834684262, 0.34579054076387894, 0.2459932035915031, 0.10826449644180577, 0.02701393505180614, 0.02704587272208234, 0.02701620308208123;
	(state4) 0.149562435686338, 0.19865406905466915, 0.0500907074438936, 0.2502552499822403, 0.05022112391696541, 0.1001139280451295, 0.20110248587076412;
	(state5) 0.10007028894265854, 0.19943498422846637, 0.10007330776333809, 0.20013940008389192, 0.10006971550921546, 0.1000700003188866, 0.20014230315354298;
	(state6) 0.3410465667182562, 0.08910858749091784, 0.1826776214296969, 0.07062648244903627, 0.13576198315983332, 0.022664661558039787, 0.15811409719421962;
	(state7) 0.0666740510528547, 0.06667229157649805, 0.33335742259749984, 0.26661185602797793, 0.0666710305891423, 0.13334218639448267, 0.06667116176154456;
	(state8) 0.7701490746381199, 0.14820314933110146, 0.03621899069896154, 0.027015283121630394, 0.004613869395894176, 0.009195162136444637, 0.0046044706778477235;
	(state9) 0.14285610910113886, 0.1428554828675663, 0.1428646407033636, 0.14285541871050889, 0.14285540001427888, 0.1428553930528174, 0.14285755555032612;
}

probability ( d3_loss_activities | variable171 ) {
	(state0) 0.10000636826769883, 0.09999683774879138, 0.10001396453844, 0.09999704992848864, 0.29996988142818404, 0.19999206393585248, 0.10002383415254465;
	(state1) 0.5550287907638054, 0.09908703582122712, 0.12225552020961224, 0.025188239485198882, 0.024691557104966674, 0.14868119694857704, 0.025067659666612636;
	(state2) 0.12498171692721774, 0.12498034893809867, 0.12513419510024787, 0.2499608953201998, 0.12498034324537859, 0.12498034635617891, 0.12498215411267857;
	(state3) 0.10375644649423638, 0.164051906617353, 0.5126863193004907, 0.13801982630361834, 0.027051788893629317, 0.0274174997248488, 0.02701621266582363;
	(state4) 0.050128565100030505, 0.10040491377455288, 0.0504350879944351, 0.24813029789532215, 0.05007011868222799, 0.10015610791367344, 0.4006749086397579;
	(state5) 0.10007011474258751, 0.10006974090925108, 0.19943808810204483, 0.2001400132906959, 0.10006972276371086, 0.10006973589211733, 0.20014258429959256;
	(state6) 0.2769302386902796, 0.11197067816276557, 0.13741397502725353, 0.04546607503706728, 0.11324307049361021, 0.06621122496766471, 0.24876473762135912;
	(state7) 0.06667405113082928, 0.06667225175065526, 0.26668643175833645, 0.2666118560229125, 0.06667103059025346, 0.20001308779923774, 0.06667129094777537;
	(state8) 0.729033365451647, 0.17467447924346444, 0.03217898622300782, 0.02257186600046728, 0.018396228965872653, 0.009360061676801104, 0.013785012438739625;
	(state9) 0.142856146449786, 0.1428553968593189, 0.14286466982757381, 0.1428554340800583, 0.14285540099067245, 0.14285539367840602, 0.14285755811418455;
}

probability ( d3_anxiety | variable171 ) {
	(state0) 0.09999688983956256, 0.10000003776548608, 0.19999510921091118, 0.09999703062045431, 0.09999679613255626, 0.10001277038316815, 0.30000136604786143;
	(state1) 0.5027869082829686, 0.07424403463886482, 0.1502525076226573, 0.14931687426289456, 0.024763155688855242, 0.07393724743413731, 0.024699272069622198;
	(state2) 0.12498113247496552, 0.12498087971501307, 0.24996077920927792, 0.12498062732715041, 0.12498034515670664, 0.12513406041899386, 0.12498217569789265;
	(state3) 0.07488599403231891, 0.2382399745523499, 0.5244408698254788, 0.05417008677042796, 0.027029037352031608, 0.027188141273180713, 0.05404589619421198;
	(state4) 0.1998222895810431, 0.050081677411604006, 0.09985701305037553, 0.20054063314520343, 0.05006598607104161, 0.1480186103292866, 0.25161379041144577;
	(state5) 0.10006998134975205, 0.10007002148225168, 0.19943458697443245, 0.30020922541385203, 0.1000697208665806, 0.10007326369317797, 0.1000732002199531;
	(state6) 0.25057466440577836, 0.06845485658106686, 0.06840697210092127, 0.06807320666951001, 0.22696989081870536, 0.02265308584275488, 0.2948673235812633;
	(state7) 0.06667103648855043, 0.13334358315241326, 0.19994134674341651, 0.26668407360285096, 0.06667103075042023, 0.20001789296877945, 0.06667103629356919;
	(state8) 0.5834393600022063, 0.22614999106688172, 0.10806629043408132, 0.03649047553020168, 0.022891407879907708, 0.004774264942225019, 0.01818821014449638;
	(state9) 0.14285558797052725, 0.14285591520178215, 0.14285548213672775, 0.1428554801139972, 0.14285540114053535, 0.14286457403380695, 0.14285755940262335;
}

probability ( d3_depression | variable171 ) {
	(state0) 0.10001850748457249, 0.09999680450390341, 0.20000184294300072, 0.10000173274425901, 0.09999914814704139, 0.10001329043038258, 0.2999686737468405;
	(state1) 0.37412735576510864, 0.0499555557551955, 0.24673874050356057, 0.13126020918843542, 0.024689024286035973, 0.14751734645883344, 0.02571176804283051;
	(state2) 0.12498175762314374, 0.12498035301164864, 0.12498125142873173, 0.12498068844903092, 0.12498111440832955, 0.2501144233111187, 0.12498041176799682;
	(state3) 0.15402595804432154, 0.24082816885781777, 0.1722005519663962, 0.21638760142779612, 0.10800526965982721, 0.0544444945597026, 0.05410795548413859;
	(state4) 0.0979729283811081, 0.050061031992415066, 0.05084644438590697, 0.30038818468653344, 0.09977666988066686, 0.15018976128606815, 0.25076497938730136;
	(state5) 0.10007054945745858, 0.10006971778869513, 0.10007263302656956, 0.19943523963255586, 0.10006975387417814, 0.10007353517888469, 0.30020857104165816;
	(state6) 0.18355569647348505, 0.06667210018576353, 0.11295888438926621, 0.09233645847444763, 0.15865922880236985, 0.04532539887017457, 0.3404922328044932;
	(state7) 0.0666710352822033, 0.06667225190787165, 0.2000139068606545, 0.3999528625525556, 0.06667103178287447, 0.13334774214419545, 0.06667116946964509;
	(state8) 0.6077272182293574, 0.20759592624903508, 0.10408588595208774, 0.04416483564192458, 0.009213298893829817, 0.009209984798470674, 0.018002850235294587;
	(state9) 0.14285678178709937, 0.1428553961107287, 0.1428566574148494, 0.1428555246067289, 0.14285558513557747, 0.14286458541802605, 0.14285546952699027;
}

probability ( d3_flat_affect | variable171 ) {
	(state0) 0.29999445458152796, 0.10000205471120328, 0.09999687810827391, 0.10000001098287165, 0.09999675112348562, 0.10001325340448589, 0.1999965970881518;
	(state1) 0.6253582086936432, 0.07434896571348229, 0.09935652679839269, 0.05296021681884293, 0.02502845613094191, 0.09827079699388656, 0.024676828850810247;
	(state2) 0.1249810130845331, 0.12498092126965624, 0.12498117398854082, 0.12498037795388504, 0.12498033814690672, 0.2501144095756367, 0.12498176598084153;
	(state3) 0.45449739841957143, 0.21957388078574797, 0.1899991210281684, 0.05444717442472083, 0.02707820327354996, 0.027394109087388808, 0.0270101129808527;
	(state4) 0.15034479596542316, 0.15100004878922035, 0.050054985844828814, 0.2981649378098809, 0.050058131688407274, 0.15018959556630665, 0.15018750433593261;
	(state5) 0.10007012320465092, 0.20014260122216845, 0.10006978397245278, 0.19943456012713173, 0.10006971407375961, 0.10007353110476297, 0.20013968629507353;
	(state6) 0.48068507919413306, 0.06762873229473139, 0.0679446510303338, 0.022818137233942094, 0.15862026583870967, 0.02265703751807773, 0.1796460968900722;
	(state7) 0.1333448294506128, 0.06667225187991266, 0.5332937280751348, 0.06667103011470564, 0.0666710315859939, 0.06667596642891542, 0.06667116246472485;
	(state8) 0.7942146947741526, 0.11436572079405594, 0.04573563430910568, 0.017854609730918066, 0.018313600250985353, 0.004601633659903227, 0.004914106480879065;
	(state9) 0.1428559782161191, 0.14285617436102174, 0.14285559835108413, 0.14285546464896415, 0.1428553884808902, 0.14286457808188882, 0.1428568178600319;
}

probability ( d3_loss_pleasure | variable171 ) {
	(state0) 0.09999958480933761, 0.09999684441124075, 0.10000593698902771, 0.0999976930429388, 0.19999333651800547, 0.09999680436472598, 0.3000097998647236;
	(state1) 0.6263715457737425, 0.09875368080810182, 0.12536135254510053, 0.02615253916830562, 0.02476065601930877, 0.04935335649390454, 0.04924686919153626;
	(state2) 0.12498121018494276, 0.12498035659063697, 0.12498133754616755, 0.12498037879122897, 0.12498033701700122, 0.24996087045993906, 0.12513550941008336;
	(state3) 0.29606982273709126, 0.21328205060805266, 0.32844144750192433, 0.02727664871136036, 0.027065639724112373, 0.08076143805339099, 0.027102952664068033;
	(state4) 0.05010439346720473, 0.14798770811726214, 0.10096365862315851, 0.25025527864964753, 0.05005883730248214, 0.15008271542826537, 0.2505474084119798;
	(state5) 0.10006978317532232, 0.10006975709602918, 0.20014250391771007, 0.19943456049897598, 0.10006971640789622, 0.10007039319651388, 0.20014328570755244;
	(state6) 0.2523959831232808, 0.04545849597192392, 0.20432424669770863, 0.04531480775565305, 0.15842386877514614, 0.022725726433494933, 0.27135687124279245;
	(state7) 0.13334175880506174, 0.2666088590322002, 0.3333601824555183, 0.06667103088821796, 0.06667102990625394, 0.06667117194232687, 0.066675966970421;
	(state8) 0.816791009746742, 0.11107083854662898, 0.02631983295032059, 0.013513526031538943, 0.02300705397589182, 0.004636198685185767, 0.0046615400636918995;
	(state9) 0.1428556137400035, 0.14285539658796093, 0.14285671353760354, 0.1428554599051445, 0.14285538832945932, 0.1428554046707835, 0.14286602322904468;
}

probability ( d4_hallucination | variable171 ) {
	(state0) 0.299973954911177, 0.10001531753914812, 0.20002365816603704, 0.09999690318677672, 0.09999671525895336, 0.09999674217893403, 0.09999670875897373;
	(state1) 0.556989054700061, 0.14738544083856678, 0.10083069892786735, 0.049340824172543256, 0.07102522024159653, 0.024671328360332284, 0.04975743275903295;
	(state2) 0.12498046776975154, 0.25011466826117434, 0.12498270628516253, 0.12498112189918592, 0.1249803444089628, 0.1249803538355294, 0.1249803375402334;
	(state3) 0.4916754356343956, 0.18886106324933422, 0.1568823323695908, 0.05401550204381883, 0.054548806312752614, 0.027008229810779317, 0.027008630579328605;
	(state4) 0.6487050524244509, 0.05011454718588301, 0.05090746581110254, 0.05005444653785332, 0.0500563742507131, 0.1001076554158153, 0.050054458374181834;
	(state5) 0.19943494795358654, 0.10007369885713795, 0.10007344135525956, 0.20013890906321535, 0.10006971402454218, 0.20013957525472043, 0.10006971349153812;
	(state6) 0.6366595117920021, 0.04540873837410831, 0.2033474534560481, 0.04530182563566539, 0.023970468500608046, 0.022650550159209634, 0.02266145208235831;
	(state7) 0.06667196504705257, 0.19994457227573956, 0.26668612835909106, 0.2000132137638452, 0.1333420602495104, 0.06667103039264839, 0.06667102991211274;
	(state8) 0.9118273246504944, 0.04153667896217667, 0.01890861125756962, 0.004601609314240669, 0.004799604110112555, 0.00920301208534969, 0.009123159620056538;
	(state9) 0.14285552145441996, 0.14286461887279248, 0.14285804863459758, 0.1428556223016604, 0.14285539071438644, 0.14285541029976445, 0.14285538772237846;
}

probability ( d4_delusion | variable171 ) {
	(state0) 0.39999638885647, 0.09999673569919039, 0.10001799422105669, 0.09999691984683903, 0.09999670856409654, 0.09999853071115405, 0.09999672210119341;
	(state1) 0.7048890692259847, 0.024790135944620782, 0.04922299651417432, 0.024670717932394292, 0.04933594966332996, 0.0740404121916243, 0.07305071852787151;
	(state2) 0.24996321905366045, 0.12498036229575209, 0.12513451102649617, 0.12498034807787319, 0.12498033634029583, 0.12498087513269775, 0.12498034807322474;
	(state3) 0.6722603938842109, 0.16555779308510338, 0.054088471930169274, 0.027008233469490463, 0.027008271658864953, 0.02701625108462331, 0.02706058488753772;
	(state4) 0.44926409929666283, 0.10010949842401196, 0.050867559499579384, 0.10009537269337686, 0.05005430737426896, 0.14949629255361016, 0.10011287015848991;
	(state5) 0.19943618229781945, 0.10006975752235632, 0.10007587970066677, 0.20013887227278035, 0.10006971348681372, 0.20013987824700522, 0.10006971647255831;
	(state6) 0.7963881438883356, 0.02265550106839984, 0.06759517756428804, 0.022656559800871008, 0.022651774893654924, 0.022707394263438322, 0.04534544852101228;
	(state7) 0.06667123573017245, 0.13326978233376433, 0.26668760306439476, 0.20001321605010663, 0.13334205977631552, 0.1333450724560468, 0.06667103058919954;
	(state8) 0.9497948684192438, 0.022391497526816705, 0.009203023271169262, 0.004601524328009081, 0.004602290431308053, 0.004644271531239803, 0.004762524492213345;
	(state9) 0.14285711971286721, 0.142855396996441, 0.14286534112261356, 0.14285543120013178, 0.1428553874452744, 0.14285592095529556, 0.14285540256737644;
}

probability ( d4_diplopia | variable171 ) {
	(state0) 0.39997638250151885, 0.10002002773345169, 0.10001665271043378, 0.09999671013021674, 0.09999671599810522, 0.09999670856324222, 0.09999680236303146;
	(state1) 0.6313417591405993, 0.09987042691357396, 0.12062024520136568, 0.049336038992477696, 0.024777834601166494, 0.02467071676099956, 0.04938297838981728;
	(state2) 0.1249815585531669, 0.2499628568677175, 0.12513412352536882, 0.12498040640763171, 0.12498033913071399, 0.1249803363182039, 0.12498037919719719;
	(state3) 0.5660555928310186, 0.0822514479044259, 0.2436587468040031, 0.027009182005074774, 0.027008246642945714, 0.027008229277580405, 0.027008554534951407;
	(state4) 0.5997985270130692, 0.050108185762488114, 0.05009841770209059, 0.050054307475234254, 0.0997775075870732, 0.05005430674409104, 0.10010874771595368;
	(state5) 0.3995772810200162, 0.10007056218693033, 0.1000732867207137, 0.10006972087245511, 0.10006971410089929, 0.10006971346978136, 0.10006972162920391;
	(state6) 0.5700810695869057, 0.11157245756877046, 0.09192658835130033, 0.02265177489973683, 0.09056017773339747, 0.022650547241408747, 0.0905573846184803;
	(state7) 0.19994334511054013, 0.0666710368075112, 0.2666909406268541, 0.2666815789965068, 0.06667102990971588, 0.06667102990506389, 0.06667103864380802;
	(state8) 0.9171173043769845, 0.05512293773721157, 0.009332625729166379, 0.004602290431308055, 0.004620514905962273, 0.00460152427459423, 0.004602802544773083;
	(state9) 0.14285682264410482, 0.1428569675732538, 0.1428646286323337, 0.14285540556868226, 0.14285538885738022, 0.14285538742346657, 0.14285539930077862;
}

probability ( d5_loss_concentration | variable171 ) {
	(state0) 0.10001367156780734, 0.09999677024248044, 0.29999330411053915, 0.19999588022672735, 0.10000059305476333, 0.09999769056247454, 0.10000209023520783;
	(state1) 0.3338507965534362, 0.07360866430279915, 0.22167308225150345, 0.050515421682042476, 0.049585919881457614, 0.07346746750562197, 0.1972986478231392;
	(state2) 0.12513429010323238, 0.12498034850111817, 0.12498188033700484, 0.12498088937937454, 0.1249811395368311, 0.12498038993688615, 0.24996106220555273;
	(state3) 0.14072433996550524, 0.2410010527668153, 0.4092127252751507, 0.10097439620178264, 0.053898879565101566, 0.02707179162954501, 0.02711681459609949;
	(state4) 0.10046193973808411, 0.10014791626237009, 0.10014008869957834, 0.2002006542890315, 0.05006305439262755, 0.25049613486625794, 0.19849021175205042;
	(state5) 0.10007371559826236, 0.10006973003030388, 0.20013997824244864, 0.20013972393988533, 0.10006977386765932, 0.19943475076410289, 0.10007232755733764;
	(state6) 0.3631496497937538, 0.1793493868796051, 0.18553485265875747, 0.045387154027808733, 0.13596351264520484, 0.022765968260275386, 0.06784947573459464;
	(state7) 0.06667584371439192, 0.06667106647620485, 0.4000258917483214, 0.26661410544322806, 0.06667103011882038, 0.06667103093138138, 0.06667103156765197;
	(state8) 0.6636132353664995, 0.2078702655728322, 0.0721125535414446, 0.023979954281107444, 0.013765746208191255, 0.009282069732457642, 0.00937617529746722;
	(state9) 0.14286460558843672, 0.14285539164470493, 0.14285685242569146, 0.1428559317589301, 0.1428556069683432, 0.1428554658019224, 0.14285614581197115;
}

probability ( d5_forget_explicit | variable171 ) {
	(state0) 0.10000115770108235, 0.10001885777628752, 0.19997349537487963, 0.19999341137339535, 0.19999722777019063, 0.10001282886814786, 0.10000302113601657;
	(state1) 0.33079685146988175, 0.09810278251812105, 0.24965080940811116, 0.1239596297901023, 0.02470236689675139, 0.07389333768695187, 0.09889422223008051;
	(state2) 0.12498054466452453, 0.12498177877362211, 0.1249804006702499, 0.12498095995139553, 0.12498115420286716, 0.2501143951450004, 0.12498076659234042;
	(state3) 0.22144992405203573, 0.16997778779614015, 0.29712578875314827, 0.1551555041052724, 0.05403080506955631, 0.053598750761801525, 0.048661439462045604;
	(state4) 0.09985253541394312, 0.30039990395062094, 0.050483670498617766, 0.1476800479103873, 0.10010333094202718, 0.10013499783432232, 0.20134551345008134;
	(state5) 0.10007015494329742, 0.10007079526507182, 0.20013890644015248, 0.10007007567774001, 0.10006977752665891, 0.20014292607376538, 0.19943736407331406;
	(state6) 0.25333094696083275, 0.29374359083974283, 0.20373449155855186, 0.04558582504295694, 0.09068027138871704, 0.022654104984625167, 0.09027076922457349;
	(state7) 0.06667106691622299, 0.13333996237446105, 0.3333572574816257, 0.19994278608132315, 0.13334205934576102, 0.0666758368292768, 0.06667103097132927;
	(state8) 0.69120837032621, 0.24737682767781335, 0.01783683285671975, 0.019642805277736534, 0.013780632494602171, 0.004684512801334073, 0.005470018565584009;
	(state9) 0.14285541934243162, 0.14285678612300548, 0.14285545192045038, 0.1428559239700567, 0.14285561441789213, 0.14286459302385535, 0.1428562112023084;
}

probability ( d5_forget_implicit | variable171 ) {
	(state0) 0.1999759057376497, 0.2000158358350168, 0.09999689280131559, 0.09999684003645641, 0.1999932943652474, 0.10001650251665463, 0.10000472870765954;
	(state1) 0.3246070388848392, 0.10559984654800805, 0.27322714883332144, 0.07457447565894976, 0.024709631164194026, 0.07399352327210239, 0.12328833563858516;
	(state2) 0.24996089625255888, 0.12498258548214347, 0.12498038500158434, 0.12498041420772935, 0.12498033646872876, 0.12513408607606405, 0.124981296511191;
	(state3) 0.19556759839976617, 0.1940024481667821, 0.3190332781374047, 0.10810104683678715, 0.08101341780507716, 0.07526655031395303, 0.02701566034022982;
	(state4) 0.24798334642652922, 0.15006061401839818, 0.10057425360530806, 0.09978998075941352, 0.05005615836591192, 0.10013980670448183, 0.2513958401199572;
	(state5) 0.1000701623863409, 0.10007085274159898, 0.20013892525981639, 0.100069737029351, 0.10006971594667854, 0.10007329970489977, 0.29950730693131455;
	(state6) 0.4592210558253696, 0.18028026376278655, 0.08879501130425217, 0.13598185031711357, 0.04532057280276715, 0.04541911659454881, 0.04498212939316216;
	(state7) 0.06667106914781026, 0.1333434267614191, 0.19993870619732007, 0.40002588926042365, 0.06667102990622063, 0.06667583512083433, 0.06667404360597196;
	(state8) 0.7655698111604173, 0.1821241836983173, 0.014652153429717787, 0.01830294629405761, 0.0091935886700109, 0.005551831573824963, 0.004605485173654137;
	(state9) 0.1428554289377147, 0.14285699220506956, 0.1428554433719513, 0.14285540749453565, 0.14285538796243064, 0.14286459984226438, 0.14285674018603364;
}

probability ( d6_drooling | variable171 ) {
	(state0) 0.29999036388708017, 0.20001991387970122, 0.10000195853971611, 0.09999683286722783, 0.09999687199536654, 0.09999717854581612, 0.0999968802850922;
	(state1) 0.5824094466199423, 0.049676057309764036, 0.09705335070495243, 0.07390664333599191, 0.09809820424892564, 0.07377386858714628, 0.025082429193277453;
	(state2) 0.1251341577109411, 0.12498258242835758, 0.12498073720946658, 0.12498036572766426, 0.2499614522298667, 0.12498034003519666, 0.1249803646585072;
	(state3) 0.4540925077979552, 0.1375678727788889, 0.2458773861650257, 0.05409456171807185, 0.02701048149351127, 0.02726323826566406, 0.05409395178088296;
	(state4) 0.5480482217882913, 0.0504780884575039, 0.10070314714866084, 0.10010932983352049, 0.050481253699032363, 0.050054824649205625, 0.10012513442378565;
	(state5) 0.1000735670341168, 0.19943611251497878, 0.10007232835401109, 0.2001391409041446, 0.20013941335993302, 0.10006971363377784, 0.10006972419903798;
	(state6) 0.4344059295273166, 0.15831567850845912, 0.09135979436059896, 0.022658417196067974, 0.15845779805252277, 0.022654857904593827, 0.11214752445044074;
	(state7) 0.133273855349438, 0.13334477456923427, 0.13334183387372564, 0.2000133458770723, 0.06667103185451846, 0.06667102990948676, 0.2666841285665246;
	(state8) 0.7199157147606836, 0.1513976061417525, 0.05023413375909846, 0.018410791703428003, 0.009291931955290236, 0.009203100041217185, 0.041546721638529925;
	(state9) 0.14286462551002077, 0.14285740499260818, 0.14285614612093417, 0.14285543389986263, 0.1428556009079181, 0.14285538787748317, 0.142855400691173;
}

probability ( d6_swallowing | variable171 ) {
	(state0) 0.39998944468582787, 0.10000308231166231, 0.10001870582663137, 0.09999850917507938, 0.09999683350642104, 0.09999671496193556, 0.09999670953244245;
	(state1) 0.45056304931223895, 0.12253278760446043, 0.14933346700809483, 0.09866940388745982, 0.055581755106070295, 0.07395656618686765, 0.04936297089480794;
	(state2) 0.12513431746754997, 0.12498080850157253, 0.12498265920385196, 0.2499611878747041, 0.1249803464850409, 0.12498034194158299, 0.12498033852569747;
	(state3) 0.40672411206772485, 0.29493895565179723, 0.16088634076885058, 0.029377563243023177, 0.02705286997677646, 0.027039146992932663, 0.05398101129889495;
	(state4) 0.4980787733430904, 0.05120680314862805, 0.1504931595389954, 0.05007579672585524, 0.05005447721394147, 0.1500365943363135, 0.05005439569317592;
	(state5) 0.20014314837945368, 0.19943715912022192, 0.10007088370187094, 0.10007001331172824, 0.2001393624959379, 0.1000697189242445, 0.10006971406654278;
	(state6) 0.4514879466270786, 0.1812351454472387, 0.16071855091264323, 0.04540110227461637, 0.1157906255944363, 0.022707895611590753, 0.022658733532396006;
	(state7) 0.06667596895627376, 0.06667105123223345, 0.26661069954693195, 0.1333450732122597, 0.06667103029418553, 0.13334205798884238, 0.26668411876927345;
	(state8) 0.7721021813515552, 0.1338836231367606, 0.050104471551828796, 0.013380776276043132, 0.021320486496568206, 0.00460658605415352, 0.004601875133090587;
	(state9) 0.14286468199932023, 0.1428562204221143, 0.14285700873663087, 0.14285590209391, 0.14285540685576797, 0.14285539174313844, 0.14285538814911816;
}

probability ( d6_constipation | variable171 ) {
	(state0) 0.19999467017518488, 0.19998021579782443, 0.19999787184370948, 0.10001280929451797, 0.10001859283790165, 0.09999721553876166, 0.09999862451209975;
	(state1) 0.32841129542944353, 0.04762517069558021, 0.07277971626395369, 0.07494701317715163, 0.049182405496557606, 0.2207824660496926, 0.20627193288762086;
	(state2) 0.12498040808419125, 0.12498073466232955, 0.12498058657549975, 0.25011442088371516, 0.12498255369607573, 0.12498041869287899, 0.12498087740530969;
	(state3) 0.244431916123712, 0.215157836092688, 0.21995710566412094, 0.15772681403443817, 0.054309184019242555, 0.054300532824297885, 0.05411661124150026;
	(state4) 0.398153660122288, 0.15080996858399806, 0.10015201754891671, 0.05008230972994985, 0.1001058266376531, 0.05005525597617762, 0.15064096140101668;
	(state5) 0.1994348578144986, 0.10007234108909083, 0.10007038094306074, 0.10007329930999738, 0.10007056104585173, 0.2001393697692845, 0.20013919002821615;
	(state6) 0.29645700018408816, 0.1596381224735441, 0.11345107694996938, 0.08913143854735335, 0.15948769837530488, 0.02272498761817194, 0.15910967585156802;
	(state7) 0.06667116151771844, 0.06667103532370171, 0.06667106680013843, 0.13327581029116786, 0.2000108651383752, 0.13334176367302056, 0.3333582972558778;
	(state8) 0.5411495490122645, 0.15204580101423268, 0.13296656652758407, 0.060675825499118895, 0.041203020278549475, 0.01857637377023358, 0.05338286389801657;
	(state9) 0.14285547736250484, 0.142856147652282, 0.14285545157430302, 0.14286459048950978, 0.14285696477644924, 0.1428554238645534, 0.14285594428039758;
}

probability ( d7_urinary_urgency | variable171 ) {
	(state0) 0.10001904600331799, 0.1999941804768247, 0.1000020571362968, 0.09999865188814865, 0.10000233820006252, 0.10001277613545217, 0.29997095015989717;
	(state1) 0.3059196310942978, 0.02488861693801589, 0.05296161178405548, 0.05084388200636979, 0.09928813331862957, 0.19513431473275658, 0.2709638101258749;
	(state2) 0.12498175665633021, 0.12498036316141471, 0.24996125447183495, 0.12498095081408757, 0.12498116842080585, 0.12513405628271315, 0.12498045019281366;
	(state3) 0.19354710624826288, 0.24314788099491053, 0.3272993736919756, 0.12818408037356757, 0.05368909046329354, 0.027122451343758337, 0.02701001688423153;
	(state4) 0.2497575887434952, 0.14799986330768883, 0.051180216310589416, 0.050061452653141124, 0.05006028506769024, 0.05008119054256491, 0.4008594033748304;
	(state5) 0.10007053400093877, 0.10006974086255416, 0.10007277531886793, 0.2001391898067708, 0.10006980573138727, 0.10007325986650943, 0.29950469441297156;
	(state6) 0.36546097194165544, 0.0916548099175396, 0.11177741119132849, 0.04554474134580365, 0.2724732202416379, 0.02268189189298542, 0.09040695346904945;
	(state7) 0.06667104816653947, 0.1333398223908803, 0.13334404106653394, 0.2000159637626291, 0.19994006477917672, 0.13334686240049423, 0.13334219743374617;
	(state8) 0.6502364443907955, 0.14718068214850144, 0.1048101663325206, 0.06525890608165967, 0.013616211734122249, 0.009583758467947925, 0.009313830844452602;
	(state9) 0.14285676816204348, 0.14285541885794054, 0.14285616347876345, 0.14285596190904457, 0.14285562095888285, 0.14286457176200468, 0.14285549487132052;
}

probability ( d7_urinary_frequency | variable171 ) {
	(state0) 0.1000022828067138, 0.10001514310374535, 0.30001247875370257, 0.10000062176139783, 0.09999834446870229, 0.09999769901936859, 0.19997343008636947;
	(state1) 0.37787962453029783, 0.04951641634065813, 0.12401300730576457, 0.0490777059472346, 0.10206979436095844, 0.07396646405752262, 0.22347698745756384;
	(state2) 0.12498075056906524, 0.12513407296179807, 0.1249824654773946, 0.2499615579465707, 0.12498040063659235, 0.12498040302348164, 0.12498034938509754;
	(state3) 0.2665621611438735, 0.3005825511418075, 0.2977520788749698, 0.05403232803612655, 0.02704914831084174, 0.027013290646445153, 0.027008441845935944;
	(state4) 0.24941912594445223, 0.0501215195518069, 0.15019928596147997, 0.05005879274559196, 0.0500588234286519, 0.20056861092663872, 0.24957384144137845;
	(state5) 0.10007239377255914, 0.10007327395337717, 0.10007125253492938, 0.20013893781688014, 0.10006974410860967, 0.19943501682554246, 0.20013938098810194;
	(state6) 0.36314714628292505, 0.0932896719982967, 0.045631230006303855, 0.06802120114733604, 0.29407033788860043, 0.022657352598517734, 0.11318306007802022;
	(state7) 0.06667103293864739, 0.06667584737209059, 0.13334485386840053, 0.20001291661106665, 0.1999400724793355, 0.2000132171989251, 0.13334205953153416;
	(state8) 0.6662903404544956, 0.12305411378668522, 0.12393360532323362, 0.03224242501194157, 0.031655095805740545, 0.009209353624745155, 0.0136150659931582;
	(state9) 0.14285614968137325, 0.14286459175542904, 0.14285729850456924, 0.14285567210045377, 0.14285541104899, 0.142855467923962, 0.14285540898522295;
}

probability ( d7_nocturia | variable171 ) {
