network Best LCM {
}

variable variable90 {
	type discrete[10] { state0, state1, state2, state3, state4, state5, state6, state7, state8, state9 };
}

variable scm1rue {
	type discrete[4] { s0, s1, s2, s3 };
}

variable scm1lue {
	type discrete[4] { s0, s1, s2, s3 };
}

variable scm2rue {
	type discrete[4] { s0, s1, s2, s3 };
}

variable scm2lue {
	type discrete[4] { s0, s1, s2, s3 };
}

variable scm3rue {
	type discrete[4] { s0, s1, s2, s3 };
}

variable scm3lue {
	type discrete[4] { s0, s1, s2, s3 };
}

variable scm4rue {
	type discrete[4] { s0, s1, s2, s3 };
}

variable scm4lue {
	type discrete[4] { s0, s1, s2, s3 };
}

variable scm5rise {
	type discrete[4] { s0, s1, s2, s3 };
}

variable scm6post {
	type discrete[4] { s0, s1, s2, s3 };
}

variable scm7gait {
	type discrete[4] { s0, s1, s2, s3 };
}

variable scm8spee {
	type discrete[4] { s0, s1, s2, s3 };
}

variable scm9free {
	type discrete[4] { s0, s1, s2, s3 };
}

variable scm10swa {
	type discrete[4] { s0, s1, s2, s3 };
}

variable scm11spe {
	type discrete[4] { s0, s1, s2, s3 };
}

variable scm12fee {
	type discrete[4] { s0, s1, s2, s3 };
}

variable scm13dre {
	type discrete[4] { s0, s1, s2, s3 };
}

variable scm14hyg {
	type discrete[4] { s0, s1, s2, s3 };
}

variable scm15cha {
	type discrete[4] { s0, s1, s2, s3 };
}

variable scm16wal {
	type discrete[4] { s0, s1, s2, s3 };
}

variable scm17han {
	type discrete[4] { s0, s1, s2, s3 };
}

variable scm18dpr {
	type discrete[4] { s0, s1, s2, s3 };
}

variable scm19dsv {
	type discrete[4] { s0, s1, s2, s3 };
}

variable scm20fpr {
	type discrete[4] { s0, s1, s2, s3 };
}

variable scm21fsv {
	type discrete[4] { s0, s1, s2, s3 };
}

variable d1_lightheaded {
	type discrete[13] { s0, s1, s2, s3, s4, s5, s6, s7, s8, s9, s10, s11, s12 };
}

variable d1_fainting {
	type discrete[13] { s0, s1, s2, s3, s4, s5, s6, s7, s8, s9, s10, s11, s12 };
}

variable d2_drowsiness {
	type discrete[13] { s0, s1, s2, s3, s4, s5, s6, s7, s8, s9, s10, s11, s12 };
}

variable d2_fatigue {
	type discrete[13] { s0, s1, s2, s3, s4, s5, s6, s7, s8, s9, s10, s11, s12 };
}

variable d2_insomnia {
	type discrete[13] { s0, s1, s2, s3, s4, s5, s6, s7, s8, s9, s10, s11, s12 };
}

variable d2_rls {
	type discrete[13] { s0, s1, s2, s3, s4, s5, s6, s7, s8, s9, s10, s11, s12 };
}

variable d3_loss_interest {
	type discrete[13] { s0, s1, s2, s3, s4, s5, s6, s7, s8, s9, s10, s11, s12 };
}

variable d3_loss_activities {
	type discrete[13] { s0, s1, s2, s3, s4, s5, s6, s7, s8, s9, s10, s11, s12 };
}

variable d3_anxiety {
	type discrete[13] { s0, s1, s2, s3, s4, s5, s6, s7, s8, s9, s10, s11, s12 };
}

variable d3_depression {
	type discrete[13] { s0, s1, s2, s3, s4, s5, s6, s7, s8, s9, s10, s11, s12 };
}

variable d3_flat_affect {
	type discrete[13] { s0, s1, s2, s3, s4, s5, s6, s7, s8, s9, s10, s11, s12 };
}

variable d3_loss_pleasure {
	type discrete[13] { s0, s1, s2, s3, s4, s5, s6, s7, s8, s9, s10, s11, s12 };
}

variable d4_hallucination {
	type discrete[13] { s0, s1, s2, s3, s4, s5, s6, s7, s8, s9, s10, s11, s12 };
}

variable d4_delusion {
	type discrete[13] { s0, s1, s2, s3, s4, s5, s6, s7, s8, s9, s10, s11, s12 };
}

variable d4_diplopia {
	type discrete[13] { s0, s1, s2, s3, s4, s5, s6, s7, s8, s9, s10, s11, s12 };
}

variable d5_loss_concentration {
	type discrete[13] { s0, s1, s2, s3, s4, s5, s6, s7, s8, s9, s10, s11, s12 };
}

variable d5_forget_explicit {
	type discrete[13] { s0, s1, s2, s3, s4, s5, s6, s7, s8, s9, s10, s11, s12 };
}

variable d5_forget_implicit {
	type discrete[13] { s0, s1, s2, s3, s4, s5, s6, s7, s8, s9, s10, s11, s12 };
}

variable d6_drooling {
	type discrete[13] { s0, s1, s2, s3, s4, s5, s6, s7, s8, s9, s10, s11, s12 };
}

variable d6_swallowing {
	type discrete[13] { s0, s1, s2, s3, s4, s5, s6, s7, s8, s9, s10, s11, s12 };
}

variable d6_constipation {
	type discrete[13] { s0, s1, s2, s3, s4, s5, s6, s7, s8, s9, s10, s11, s12 };
}

variable d7_urinary_urgency {
	type discrete[13] { s0, s1, s2, s3, s4, s5, s6, s7, s8, s9, s10, s11, s12 };
}

variable d7_urinary_frequency {
	type discrete[13] { s0, s1, s2, s3, s4, s5, s6, s7, s8, s9, s10, s11, s12 };
}

variable d7_nocturia {
	type discrete[13] { s0, s1, s2, s3, s4, s5, s6, s7, s8, s9, s10, s11, s12 };
}

variable d8_sex_drive {
	type discrete[13] { s0, s1, s2, s3, s4, s5, s6, s7, s8, s9, s10, s11, s12 };
}

variable d8_sex_dysfunction {
	type discrete[13] { s0, s1, s2, s3, s4, s5, s6, s7, s8, s9, s10, s11, s12 };
}

variable d9_unexplained_pain {
	type discrete[13] { s0, s1, s2, s3, s4, s5, s6, s7, s8, s9, s10, s11, s12 };
}

variable d9_taste_smell {
	type discrete[13] { s0, s1, s2, s3, s4, s5, s6, s7, s8, s9, s10, s11, s12 };
}

variable d9_weight_change {
	type discrete[13] { s0, s1, s2, s3, s4, s5, s6, s7, s8, s9, s10, s11, s12 };
}

variable d9_sweating {
	type discrete[13] { s0, s1, s2, s3, s4, s5, s6, s7, s8, s9, s10, s11, s12 };
}

probability ( variable90 ) {
	table 0.014244150138125137, 0.04297897922854478, 0.08066086112573922, 0.002865329514201639, 0.002865329514201639, 0.011461216091082697, 0.4631130216155864, 0.34742861234318834, 0.031517170915128415, 0.002865329514201639;
}

probability ( scm1rue | variable90 ) {
	(state0) 0.1254514956042353, 0.25086313822892115, 0.498233872436764, 0.1254514937300796;
	(state1) 0.3887526027200297, 0.3334419539184825, 0.2222487677843738, 0.05555667557711392;
	(state2) 0.582753714987045, 0.12830333518499076, 0.19264046384521885, 0.0963024859827454;
	(state3) 0.2500000000853767, 0.2499999999715255, 0.24999999997161942, 0.24999999997147826;
	(state4) 0.2500000000853767, 0.2499999999715255, 0.24999999997161942, 0.24999999997147826;
	(state5) 0.4285685236037582, 0.14285786907149595, 0.28571573825388863, 0.14285786907085735;
	(state6) 0.5693680458891774, 0.28139728441949274, 0.14316031145094107, 0.006074358240388637;
	(state7) 0.6286905863754803, 0.19055391267952443, 0.14856209125855774, 0.03219340968643748;
	(state8) 0.28572463614768046, 0.14282608419651666, 0.14286231934150612, 0.4285869603142967;
	(state9) 0.2500000000853767, 0.2499999999715255, 0.24999999997161942, 0.24999999997147826;
}

probability ( scm1lue | variable90 ) {
	(state0) 0.2507907371988516, 0.12545149371596245, 0.4983060690467519, 0.125451700038434;
	(state1) 0.555453939614324, 0.1666793099219083, 0.16675378165330568, 0.11111296881046208;
	(state2) 0.6416151787248489, 0.13367770514960714, 0.1284007931349199, 0.09630632299062407;
	(state3) 0.2500000000853551, 0.24999999997151828, 0.24999999997157346, 0.24999999997155298;
	(state4) 0.2500000000853551, 0.24999999997151828, 0.24999999997157346, 0.24999999997155298;
	(state5) 0.4285685236037276, 0.2857157381362224, 0.14285786907169032, 0.14285786918835972;
	(state6) 0.5728665090044186, 0.2750300989729337, 0.12216223593620602, 0.029941156086441646;
	(state7) 0.5771127640900883, 0.24593818161639644, 0.14418601323418204, 0.03276304105933316;
	(state8) 0.35711956029813313, 0.07143116004596878, 0.14286232013215078, 0.4285869595237474;
	(state9) 0.2500000000853551, 0.24999999997151828, 0.24999999997157346, 0.24999999997155298;
}

probability ( scm2rue | variable90 ) {
	(state0) 0.12545149575742834, 0.5016525236462026, 0.24744448689723966, 0.12545149369912942;
	(state1) 0.3887626992611864, 0.3889275344353046, 0.16675317288867733, 0.055556593414831705;
	(state2) 0.6148331742172756, 0.22469601121298774, 0.12836874546549756, 0.032102069104239184;
	(state3) 0.25000000005507406, 0.24999999997152256, 0.2500000000019267, 0.24999999997147676;
	(state4) 0.25000000005507406, 0.24999999997152256, 0.2500000000019267, 0.24999999997147676;
	(state5) 0.4285685236017783, 0.2857157382562454, 0.14285786907111914, 0.14285786907085724;
	(state6) 0.5786142734691944, 0.3353736124712448, 0.07993775581917668, 0.006074358240384085;
	(state7) 0.576203541756237, 0.2960934400810112, 0.11160677378415103, 0.016096244378600775;
	(state8) 0.2857246361476199, 0.14282608419652387, 0.1428623193809409, 0.42858696027491533;
	(state9) 0.25000000005507406, 0.24999999997152256, 0.2500000000019267, 0.24999999997147676;
}

probability ( scm2lue | variable90 ) {
	(state0) 0.1254514938876302, 0.5016524895976631, 0.2474443524396036, 0.12545166407510316;
	(state1) 0.44434736694807453, 0.27778657397424594, 0.22230946497382303, 0.055556594103856355;
	(state2) 0.5452928650976979, 0.2621323419403626, 0.16047272393002043, 0.032102069031919;
	(state3) 0.2500000000544411, 0.2500000000024508, 0.2499999999715758, 0.2499999999715321;
	(state4) 0.2500000000544411, 0.2500000000024508, 0.2499999999715758, 0.2499999999715321;
	(state5) 0.4285685235359636, 0.285715738206383, 0.14285786918679594, 0.14285786907085737;
	(state6) 0.5687507609843443, 0.3521896631620518, 0.06691083691406648, 0.012148738939537364;
	(state7) 0.5101286362028818, 0.36905337515450043, 0.09667366269484438, 0.02414432594777333;
	(state8) 0.357119560290152, 0.07143116009333274, 0.1428623200928084, 0.4285869595237069;
	(state9) 0.2500000000544411, 0.2500000000024508, 0.2499999999715758, 0.2499999999715321;
}

probability ( scm3rue | variable90 ) {
	(state0) 0.12545149369250466, 0.2508631296657257, 0.37278375437933675, 0.2509016222624329;
	(state1) 0.055556898541086, 0.055556838813663155, 0.4999848187015854, 0.38890144394366544;
	(state2) 0.09635152477206654, 0.3262825291794882, 0.44890210860223373, 0.12846383744621157;
	(state3) 0.2499999999721919, 0.25000000005427864, 0.25000000000201794, 0.24999999997151134;
	(state4) 0.2499999999721919, 0.25000000005427864, 0.25000000000201794, 0.24999999997151134;
	(state5) 0.1428578690732437, 0.14285786913976914, 0.14285786919296928, 0.571426392594018;
	(state6) 0.3288877826395959, 0.5331774562265347, 0.11790024959610658, 0.02003451153776286;
	(state7) 0.20808385062538784, 0.43509190782782237, 0.3350901485402092, 0.021734093006580548;
	(state8) 0.07143116004820389, 0.14286232141708244, 0.3571557906113915, 0.4285507279233222;
	(state9) 0.2499999999721919, 0.25000000005427864, 0.25000000000201794, 0.24999999997151134;
}

probability ( scm3lue | variable90 ) {
	(state0) 0.12545149370444159, 0.2507907457989913, 0.3728561485204377, 0.2509016119761294;
	(state1) 0.05555689933257514, 0.055635263556529584, 0.44447186982239656, 0.44433596728849856;
	(state2) 0.12844901722538127, 0.19261048808274403, 0.42207847881493066, 0.25686201587694407;
	(state3) 0.25000000005420164, 0.2500000000019858, 0.2499999999723334, 0.2499999999714792;
	(state4) 0.25000000005420164, 0.2500000000019858, 0.2499999999723334, 0.2499999999714792;
	(state5) 0.1428578690760154, 0.1428578690711528, 0.28571065465682294, 0.42857360719600884;
	(state6) 0.31945512594835845, 0.4501800467532982, 0.19397735419886264, 0.03638747309948088;
	(state7) 0.10790893115215189, 0.45784156345003807, 0.4019736674138252, 0.03227583798398483;
	(state8) 0.07143116265781527, 0.14286231880275893, 0.3571195590365749, 0.428586959502851;
	(state9) 0.25000000005420164, 0.2500000000019858, 0.2499999999723334, 0.2499999999714792;
}

probability ( scm4rue | variable90 ) {
	(state0) 0.12545149371846234, 0.5016525256812333, 0.24744448691813312, 0.12545149368217112;
	(state1) 0.05555689930765598, 0.11113531143941006, 0.6666791901191722, 0.16662859913376174;
	(state2) 0.1283774989056092, 0.4489462870924267, 0.3584308502697129, 0.06424536373225123;
	(state3) 0.2500000000847089, 0.24999999997218553, 0.2499999999716283, 0.24999999997147715;
	(state4) 0.2500000000847089, 0.24999999997218553, 0.2499999999716283, 0.24999999997147715;
	(state5) 0.1428578690819963, 0.1428578692550012, 0.28571573812665774, 0.4285685235363448;
	(state6) 0.33489892895520273, 0.5774415113310359, 0.07551084243466731, 0.01214871727909414;
	(state7) 0.17599419020164014, 0.522755459903909, 0.27710598513984497, 0.02414436475460584;
	(state8) 0.214293481082867, 0.07143116005304294, 0.2857246344830205, 0.42855072438106967;
	(state9) 0.2500000000847089, 0.24999999997218553, 0.2499999999716283, 0.24999999997147715;
}

probability ( scm4lue | variable90 ) {
	(state0) 0.12545149371925887, 0.3762408896095961, 0.37285612298957344, 0.12545149368157157;
	(state1) 0.05555689967018511, 0.22224888384903116, 0.4444292913757231, 0.2777649251050605;
	(state2) 0.1605286703278985, 0.4167366655452967, 0.26223614782155624, 0.16049851630524864;
	(state3) 0.25000000008470824, 0.24999999997156447, 0.24999999997224875, 0.2499999999714786;
	(state4) 0.25000000008470824, 0.24999999997156447, 0.24999999997224875, 0.2499999999714786;
	(state5) 0.14285786908198944, 0.142857869186983, 0.571426392659693, 0.14285786907133455;
	(state6) 0.34825257794344683, 0.4844887775999129, 0.1611842623050319, 0.006074382151608338;
	(state7) 0.15828917961929706, 0.5010698246987081, 0.3245351214568934, 0.0161058742251013;
	(state8) 0.21429348108286703, 0.07143116004682513, 0.2142934752276873, 0.49998188364262064;
	(state9) 0.25000000008470824, 0.24999999997156447, 0.24999999997224875, 0.2499999999714786;
}

probability ( scm5rise | variable90 ) {
	(state0) 0.1254514937252628, 0.3728561125679757, 0.2507907817298623, 0.25090161197689925;
	(state1) 0.05555689838879729, 0.05555671633983814, 0.38898415977689604, 0.49990222549446856;
	(state2) 0.16536017953894436, 0.1284673115320808, 0.41720420290802535, 0.2889683060209495;
	(state3) 0.2500000000846433, 0.24999999997223232, 0.24999999997156414, 0.24999999997156014;
	(state4) 0.2500000000846433, 0.24999999997223232, 0.24999999997156414, 0.24999999997156014;
	(state5) 0.1428578690777896, 0.14285786913696058, 0.14285786918650256, 0.5714263925987472;
	(state6) 0.6860639040598768, 0.2713433341467174, 0.03651839511097129, 0.006074366682434574;
	(state7) 0.36139817507540767, 0.493798630164868, 0.1287035268164427, 0.016099667943281524;
	(state8) 0.14286232141298882, 0.07143116008390482, 0.42855071864011735, 0.357155799862989;
	(state9) 0.2500000000846433, 0.24999999997223232, 0.24999999997156414, 0.24999999997156014;
}

probability ( scm6post | variable90 ) {
	(state0) 0.12545149371859116, 0.24744447659855928, 0.5016525000380389, 0.12545152964481077;
	(state1) 0.05555659355161871, 0.16666987617650475, 0.44443453291174784, 0.3333389973601288;
	(state2) 0.0695491943142418, 0.03213073357323202, 0.6415432864405991, 0.256776785671927;
	(state3) 0.2500000000846417, 0.2499999999715795, 0.24999999997227867, 0.2499999999715002;
	(state4) 0.2500000000846417, 0.2499999999715795, 0.24999999997227867, 0.2499999999715002;
	(state5) 0.14285786907778594, 0.1428578690692677, 0.2857106545403776, 0.42857360731256877;
	(state6) 0.724375942261481, 0.21815858882981146, 0.05139111066807084, 0.006074358240636796;
	(state7) 0.2783206638375396, 0.4676924885922952, 0.24592867725827847, 0.008058170311886754;
	(state8) 0.1428623214108331, 0.07143116007751064, 0.49998187832266733, 0.2857246401889889;
	(state9) 0.2500000000846417, 0.2499999999715795, 0.24999999997227867, 0.2499999999715002;
}

probability ( scm7gait | variable90 ) {
	(state0) 0.12545149369978537, 0.2474444784887983, 0.3762024158365558, 0.25090161197486055;
	(state1) 0.055556593392514834, 0.05555702005712454, 0.6111028202537917, 0.2777835662965689;
	(state2) 0.032102117963693555, 0.19749900107380614, 0.6740926702310283, 0.09630621073147203;
	(state3) 0.25000000000251943, 0.2500000000543552, 0.2499999999716464, 0.24999999997147904;
	(state4) 0.25000000000251943, 0.2500000000543552, 0.2499999999716464, 0.24999999997147904;
	(state5) 0.1428578690749856, 0.14285786913788462, 0.2857106545918203, 0.42857360719530946;
	(state6) 0.4247269709911491, 0.5346837961348669, 0.03451487463346721, 0.006074358240516685;
	(state7) 0.1294034022267536, 0.6989975105852895, 0.16355096474935088, 0.00804812243860595;
	(state8) 0.07143116004604816, 0.14286232145084446, 0.642844198406036, 0.1428623200970714;
	(state9) 0.25000000000251943, 0.2500000000543552, 0.2499999999716464, 0.24999999997147904;
}

probability ( scm8spee | variable90 ) {
	(state0) 0.24744447657532487, 0.12545149565352898, 0.5016525238029572, 0.1254515039681889;
	(state1) 0.05555671494597331, 0.22223521717953404, 0.4998963662273688, 0.22231170164712377;
	(state2) 0.03210985174204522, 0.5825686705422352, 0.28903826243630687, 0.09628321527941268;
	(state3) 0.25000000000260614, 0.24999999997217548, 0.2500000000536284, 0.24999999997158984;
	(state4) 0.25000000000260614, 0.24999999997217548, 0.2500000000536284, 0.24999999997158984;
	(state5) 0.14285786907500236, 0.14285786913560175, 0.2857157382500373, 0.4285685235393586;
	(state6) 0.6013941535144884, 0.36824112748760374, 0.024290360751640625, 0.006074358246267195;
	(state7) 0.12089843059588633, 0.7825207455571794, 0.0804908906647553, 0.016089933182178887;
	(state8) 0.07143116007604834, 0.0714311600933613, 0.5714130400217227, 0.2857246398088677;
	(state9) 0.25000000000260614, 0.24999999997217548, 0.2500000000536284, 0.24999999997158984;
}

probability ( scm9free | variable90 ) {
	(state0) 0.12545149374082734, 0.37285594042864717, 0.3762410361860909, 0.12545152964443465;
	(state1) 0.05555667312998987, 0.16656298033998082, 0.6112094794624539, 0.16667086706757533;
	(state2) 0.32585054214685155, 0.25692073807384525, 0.3209925246317466, 0.0962361951475565;
	(state3) 0.2500000000838355, 0.24999999997227185, 0.24999999997239492, 0.2499999999714978;
	(state4) 0.2500000000838355, 0.24999999997227185, 0.24999999997239492, 0.2499999999714978;
	(state5) 0.14285786907425355, 0.1428578690751166, 0.2857157381973843, 0.4285685236532455;
	(state6) 0.814491985922959, 0.13690005584925619, 0.03645924434591517, 0.012148713881869791;
	(state7) 0.45683255076757007, 0.3741507243644095, 0.1609509196045791, 0.008065805263441417;
	(state8) 0.07143116265562723, 0.07143116009079062, 0.4285507255123121, 0.42858695174127004;
	(state9) 0.2500000000838355, 0.24999999997227185, 0.24999999997239492, 0.2499999999714978;
}

probability ( scm10swa | variable90 ) {
	(state0) 0.12545150606592662, 0.4981953882475715, 0.2509016120050651, 0.12545149368143674;
	(state1) 0.05563179835387554, 0.4998772966081008, 0.27782136639051797, 0.1666695386475056;
	(state2) 0.4173101057219845, 0.3585103070055885, 0.15997531200332382, 0.06420427526910322;
	(state3) 0.2500000000844762, 0.24999999997166378, 0.2499999999723826, 0.24999999997147748;
	(state4) 0.2500000000844762, 0.24999999997166378, 0.2499999999723826, 0.24999999997147748;
	(state5) 0.1428578691401044, 0.42856852365366094, 0.28571573813623863, 0.14285786906999604;
	(state6) 0.8322246961726449, 0.14248736922625543, 0.019213576360715672, 0.006074358240384051;
	(state7) 0.5150232966737804, 0.3734825974244894, 0.10344598326882772, 0.008048122632902372;
	(state8) 0.07143116270208688, 0.14286231512936304, 0.6428442020744574, 0.14286232009409267;
	(state9) 0.2500000000844762, 0.24999999997166378, 0.2499999999723826, 0.24999999997147748;
}

probability ( scm11spe | variable90 ) {
	(state0) 0.24744447660736138, 0.25079073721310635, 0.37631328221108945, 0.12545150396844285;
	(state1) 0.05555671752607352, 0.2777246754683529, 0.4444449756723862, 0.22227363133318723;
	(state2) 0.12835427694332752, 0.5506387271931236, 0.22472705160114034, 0.09627994426240868;
	(state3) 0.2500000000026096, 0.24999999997217687, 0.2500000000536236, 0.24999999997158984;
	(state4) 0.2500000000026096, 0.24999999997217687, 0.2500000000536236, 0.24999999997158984;
	(state5) 0.1428578690753265, 0.14285786913529872, 0.28571573825007346, 0.42856852353930136;
	(state6) 0.7423677399516627, 0.22712267056255686, 0.024435231245396455, 0.006074358240384052;
	(state7) 0.15143255693743587, 0.7763121932690762, 0.06420710419835089, 0.00804814559513708;
	(state8) 0.0714311601154292, 0.14286231156991036, 0.6428442050622771, 0.14286232325238332;
	(state9) 0.2500000000026096, 0.24999999997217687, 0.2500000000536236, 0.24999999997158984;
}

probability ( scm12fee | variable90 ) {
	(state0) 0.12545149370483916, 0.25086333434778885, 0.49823367826586923, 0.12545149368150285;
	(state1) 0.05555682928116818, 0.22222605189706882, 0.6111025456453147, 0.11111457317644835;
	(state2) 0.0642284349389128, 0.2615827852060857, 0.60997953980387, 0.06420924005113164;
	(state3) 0.2500000000535161, 0.25000000000270056, 0.2499999999723057, 0.2499999999714777;
	(state4) 0.2500000000535161, 0.25000000000270056, 0.2499999999723057, 0.2499999999714777;
	(state5) 0.14285786907206455, 0.14285786919826643, 0.14285786913671636, 0.5714263925929527;
	(state6) 0.4913214821695198, 0.48372199792007187, 0.01888216098207903, 0.006074358928329279;
	(state7) 0.16188580684440426, 0.6456076341666291, 0.176411509134045, 0.01609504985492168;
	(state8) 0.07143116265556515, 0.1428623197854612, 0.49998187736984295, 0.2857246401891307;
	(state9) 0.2500000000535161, 0.25000000000270056, 0.2499999999723057, 0.2499999999714777;
}

probability ( scm13dre | variable90 ) {
	(state0) 0.12545149370406333, 0.24744431664837682, 0.37620254170962125, 0.25090164793793857;
	(state1) 0.055556595498759305, 0.05563153788650639, 0.4999603982776946, 0.38885146833703965;
	(state2) 0.032145797093031274, 0.2561729671698333, 0.6795518716445998, 0.032129364092535605;
	(state3) 0.250000000053516, 0.25000000000261713, 0.24999999997236683, 0.2499999999714999;
	(state4) 0.250000000053516, 0.25000000000261713, 0.24999999997236683, 0.2499999999714999;
	(state5) 0.1428578690720642, 0.1428578690750396, 0.14285786914202905, 0.571426392710867;
	(state6) 0.3791405161039807, 0.5879298251089912, 0.02685530054664397, 0.006074358240384048;
	(state7) 0.08516589449857855, 0.6298257022131362, 0.2769602785318494, 0.00804812475643586;
	(state8) 0.07143116265556515, 0.0714311600470239, 0.5714130371081921, 0.28572464018921884;
	(state9) 0.250000000053516, 0.25000000000261713, 0.24999999997236683, 0.2499999999714999;
}

probability ( scm14hyg | variable90 ) {
	(state0) 0.12545149371399883, 0.24744430635561387, 0.37620255199244873, 0.25090164793793857;
	(state1) 0.05555659549875949, 0.055556717526796424, 0.5000352186374044, 0.38885146833703965;
	(state2) 0.06378906968080549, 0.29404248794826887, 0.6100390782783901, 0.03212936409253561;
	(state3) 0.2500000000535315, 0.2500000000026535, 0.24999999997231492, 0.2499999999714999;
	(state4) 0.2500000000535315, 0.2500000000026535, 0.24999999997231492, 0.2499999999714999;
	(state5) 0.14285786907206435, 0.14285786907921927, 0.14285786913784926, 0.571426392710867;
	(state6) 0.41558265396340627, 0.566128707876306, 0.012214279919903764, 0.006074358240384049;
	(state7) 0.0772381094025359, 0.7699493649730763, 0.14476440086795195, 0.00804812475643586;
	(state8) 0.07143116265556515, 0.14286231971759758, 0.4999818774376185, 0.28572464018921884;
	(state9) 0.2500000000535315, 0.2500000000026535, 0.24999999997231492, 0.2499999999714999;
}

probability ( scm15cha | variable90 ) {
	(state0) 0.1254514937143841, 0.24744430637504275, 0.2507909435573536, 0.3763132563532195;
	(state1) 0.055556593394955806, 0.05555695182805399, 0.555512718005997, 0.3333737367709933;
	(state2) 0.03210208888168991, 0.26158486358063676, 0.6099895722544041, 0.09632347528326925;
	(state3) 0.2500000000838036, 0.24999999997240696, 0.2499999999722763, 0.24999999997151323;
	(state4) 0.2500000000838036, 0.24999999997240696, 0.2499999999722763, 0.24999999997151323;
	(state5) 0.14285786907385065, 0.14285786907323386, 0.14285786925722113, 0.5714263925956944;
	(state6) 0.464581332894373, 0.4971090630612425, 0.032234217167354494, 0.00607538687703005;
	(state7) 0.07659901997543599, 0.5878487707955576, 0.2953152275008464, 0.04023698172815998;
	(state8) 0.07143116265556403, 0.1428623188028953, 0.5000181142455621, 0.28568840429597864;
	(state9) 0.2500000000838036, 0.24999999997240696, 0.2499999999722763, 0.24999999997151323;
}

probability ( scm16wal | variable90 ) {
	(state0) 0.1254514937144722, 0.24744447663459979, 0.3762023817130836, 0.25090164793784436;
	(state1) 0.05555659339518519, 0.055556717928572044, 0.49999077992140584, 0.3888959087548369;
	(state2) 0.03210214385639767, 0.06914952596309243, 0.7382375094330329, 0.1605108207474769;
	(state3) 0.2500000000838176, 0.24999999997231087, 0.2499999999723717, 0.24999999997150002;
	(state4) 0.2500000000838176, 0.24999999997231087, 0.2499999999723717, 0.24999999997150002;
	(state5) 0.14285786907385076, 0.14285786907319006, 0.2857106545400321, 0.4285736073129271;
	(state6) 0.3789719845099103, 0.5544030886761772, 0.05500739315421908, 0.011617533659693372;
	(state7) 0.07735200979221682, 0.7533372796593935, 0.1605588045925534, 0.008751905955836407;
	(state8) 0.07143116265556403, 0.1428623201630533, 0.6428441970842492, 0.14286232009713346;
	(state9) 0.2500000000838176, 0.24999999997231087, 0.2499999999723717, 0.24999999997150002;
}

probability ( scm17han | variable90 ) {
	(state0) 0.12545149368206518, 0.25086330010352675, 0.4982336765694239, 0.1254515296449841;
	(state1) 0.05555659362193063, 0.11111336582925975, 0.6111025465106867, 0.22222749403812292;
	(state2) 0.06420513184637236, 0.22996898680623465, 0.54531497771786, 0.16051090362953302;
	(state3) 0.24999999997147826, 0.25000000000333766, 0.25000000005360457, 0.24999999997157957;
	(state4) 0.24999999997147826, 0.25000000000333766, 0.25000000005360457, 0.24999999997157957;
	(state5) 0.14285786906932937, 0.142857869143038, 0.1428578690729674, 0.5714263927146652;
	(state6) 0.3126362164379755, 0.5931526572385661, 0.08204052045686581, 0.012170605866592391;
	(state7) 0.09280917736752303, 0.669507345866423, 0.19747188620948436, 0.04021159055656962;
	(state8) 0.07143116004595355, 0.2142934788872972, 0.42855072125364885, 0.2857246398131005;
	(state9) 0.24999999997147826, 0.25000000000333766, 0.25000000005360457, 0.24999999997157957;
}

probability ( scm18dpr | variable90 ) {
	(state0) 0.37631324609411776, 0.12545166614803208, 0.37278359407213596, 0.1254514936857142;
	(state1) 0.055557270074054046, 0.3333304788125856, 0.5555552712085327, 0.055556979904827754;
	(state2) 0.6146830024617929, 0.12847706240205983, 0.160531120798596, 0.09630881433755135;
	(state3) 0.2500000000018281, 0.24999999997217265, 0.25000000005449524, 0.24999999997150407;
	(state4) 0.2500000000018281, 0.24999999997217265, 0.25000000005449524, 0.24999999997150407;
	(state5) 0.2857157381405732, 0.2857157381921859, 0.28571065459635053, 0.14285786907089026;
	(state6) 0.7936642355553176, 0.14881475487138474, 0.027201052742288238, 0.03031995683100936;
	(state7) 0.3798265100920379, 0.39033137473890844, 0.19758165899892735, 0.032260456170126385;
	(state8) 0.07143116004769658, 0.1428260842369711, 0.4285869554842131, 0.3571558002311192;
	(state9) 0.2500000000018281, 0.24999999997217265, 0.25000000005449524, 0.24999999997150407;
}

probability ( scm19dsv | variable90 ) {
	(state0) 0.37631324609852285, 0.1254514938942218, 0.372783730362229, 0.1254515296450263;
	(state1) 0.055557272177819604, 0.33333071369775014, 0.4445047803666535, 0.1666072337577768;
	(state2) 0.6146857059437061, 0.1284756403110776, 0.16049766812290184, 0.0963409856223144;
	(state3) 0.2500000000018547, 0.24999999997148348, 0.25000000005497397, 0.24999999997168776;
	(state4) 0.2500000000018547, 0.24999999997148348, 0.25000000005497397, 0.24999999997168776;
	(state5) 0.2857157381406057, 0.1428578690699973, 0.42856852359711445, 0.14285786919228263;
	(state6) 0.7936637055579784, 0.14849792232248754, 0.03966434518512011, 0.018174026934413848;
	(state7) 0.41201902323529815, 0.358559001417326, 0.19716416213658494, 0.032257813210790964;
	(state8) 0.07143116004769771, 0.14282608423417717, 0.28572463706098217, 0.5000181186571431;
	(state9) 0.2500000000018547, 0.24999999997148348, 0.25000000005497397, 0.24999999997168776;
}

probability ( scm20fpr | variable90 ) {
	(state0) 0.1254514936829777, 0.1254514939163961, 0.49823388463480367, 0.25086312776582265;
	(state1) 0.05555665147112735, 0.22226366074249726, 0.6110935190217203, 0.11108616876465507;
	(state2) 0.3259001348993679, 0.09631192077355671, 0.5135569123885206, 0.06423103193855478;
	(state3) 0.2499999999714963, 0.25000000000255196, 0.2500000000543924, 0.24999999997155942;
	(state4) 0.2499999999714963, 0.25000000000255196, 0.2500000000543924, 0.24999999997155942;
	(state5) 0.2857157381362523, 0.14285786907551026, 0.28571573831283004, 0.2857106544754074;
	(state6) 0.7028426610078168, 0.2425105684963012, 0.04857238483924141, 0.006074385656640684;
	(state7) 0.2264863341618655, 0.5317877697970548, 0.22562967329934538, 0.01609622274173423;
	(state8) 0.0714311600460162, 0.14282608423425788, 0.2857246330204802, 0.5000181226992457;
	(state9) 0.2499999999714963, 0.25000000000255196, 0.2500000000543924, 0.24999999997155942;
}

probability ( scm21fsv | variable90 ) {
	(state0) 0.1254515039690688, 0.12545149388320875, 0.376241025929712, 0.3728559762180104;
	(state1) 0.055631474624821285, 0.1666789108700247, 0.3889287144572124, 0.3887609000479416;
	(state2) 0.3579589152815014, 0.12838217507707256, 0.32095310269795707, 0.19270580694346895;
	(state3) 0.24999999997152828, 0.2500000000018374, 0.2500000000548985, 0.24999999997173572;
	(state4) 0.24999999997152828, 0.2500000000018374, 0.2500000000548985, 0.24999999997173572;
	(state5) 0.28571573813628315, 0.14285786907159295, 0.28571573819900675, 0.2857106545931172;
	(state6) 0.700660373367618, 0.23763667251006, 0.0556277167558589, 0.006075237366463236;
	(state7) 0.24547397795631845, 0.4014352529415326, 0.32067853946431407, 0.032412229637834904;
	(state8) 0.07143116004687758, 0.07143116008535086, 0.35711955767275194, 0.5000181221950195;
	(state9) 0.24999999997152828, 0.2500000000018374, 0.2500000000548985, 0.24999999997173572;
}

probability ( d1_lightheaded | variable90 ) {
	(state0) 0.23562120212910576, 0.05892334024166448, 0.0589233281874412, 0.058923324222990764, 0.11622221845959986, 0.058923323344831934, 0.05892332334495137, 0.058923323344831934, 0.05892332334494936, 0.05892332334513746, 0.058923323344831934, 0.058923323344831934, 0.05892332334483208;
	(state1) 0.22215720788877608, 0.14813651079192636, 0.14820006110387557, 0.037037498292022034, 0.11111256168787541, 0.03703749829002121, 0.037056343476554704, 0.03703749829002121, 0.07407478852220453, 0.03703753677509905, 0.03703749829002121, 0.03703749829002121, 0.03703749830158153;
	(state2) 0.19941409309136193, 0.07471906498135909, 0.09923516037056293, 0.07466387696048762, 0.07466321758282854, 0.024906202908046002, 0.09964215264839765, 0.024906202908046002, 0.12445213460160977, 0.0788669165834493, 0.024906202908046002, 0.024906202908046002, 0.0747185715477592;
	(state3) 0.07692307692060732, 0.07692307692038895, 0.07692307692971932, 0.07692307692057104, 0.07692307694564174, 0.07692307692037648, 0.07692307692043508, 0.07692307692037648, 0.07692307692037699, 0.07692307692037674, 0.07692307692037648, 0.07692307692037648, 0.07692307692037673;
	(state4) 0.07692307692060732, 0.07692307692038895, 0.07692307692971932, 0.07692307692057104, 0.07692307694564174, 0.07692307692037648, 0.07692307692043508, 0.07692307692037648, 0.07692307692037699, 0.07692307692037674, 0.07692307692037648, 0.07692307692037648, 0.07692307692037673;
	(state5) 0.1874981929056366, 0.06250013905243848, 0.06250013900213375, 0.06250013902993158, 0.06250013900236111, 0.06250013900113781, 0.06250013900302878, 0.06250013900113781, 0.06250013900199074, 0.0625001390011386, 0.06250013900113781, 0.06250013900113781, 0.1250002779967892;
	(state6) 0.6828018126444975, 0.09872194560274282, 0.03456234762274223, 0.04585756384530315, 0.03965145787262258, 0.005759491318429352, 0.0402911748741743, 0.005759491318429352, 0.017797258015307096, 0.005759491709818337, 0.005759491318429352, 0.005759491318429352, 0.011518982539074523;
	(state7) 0.513641323788926, 0.15654183998801746, 0.09015476323292149, 0.00780556511100885, 0.11365819985301316, 0.007504544806305167, 0.045054952506561, 0.007504544806305167, 0.02186147495936225, 0.01375914520185755, 0.007504544806305167, 0.007504544806305167, 0.007504556133111604;
	(state8) 0.0434792199921174, 0.043479222117660435, 0.043479219967464185, 0.04347921996944023, 0.08695844106396973, 0.04347921996561803, 0.21737403729881538, 0.04347921996561803, 0.08695843993075487, 0.13043765989685405, 0.04347921996561803, 0.04347921996561803, 0.13043765990045164;
	(state9) 0.07692307692060732, 0.07692307692038895, 0.07692307692971932, 0.07692307692057104, 0.07692307694564174, 0.07692307692037648, 0.07692307692043508, 0.07692307692037648, 0.07692307692037699, 0.07692307692037674, 0.07692307692037648, 0.07692307692037648, 0.07692307692037673;
}

probability ( d1_fainting | variable90 ) {
	(state0) 0.23401543811847692, 0.05892332336185904, 0.0589233233448391, 0.05892332335170826, 0.058923403377704305, 0.05892332334483192, 0.058923323344896916, 0.05892332334483192, 0.11782792503152371, 0.058923323344832065, 0.05892332334483192, 0.05892332334483192, 0.05892332334483192;
	(state1) 0.5555311746027285, 0.03705628581821931, 0.037037498339353186, 0.03703749829002124, 0.0370375559539545, 0.03703749829002122, 0.03703749869502699, 0.03703749829002122, 0.03703749850715408, 0.03703749833645315, 0.03703749829002122, 0.03703749829002122, 0.03703749829700441;
	(state2) 0.6015200550650037, 0.024907946299681048, 0.07466781522308982, 0.024906204199333887, 0.04983427594606972, 0.024906202908046002, 0.024906202908061437, 0.024906202908046002, 0.024914071109168996, 0.024906211806127874, 0.024906202908046002, 0.024906202908046002, 0.049812405811279596;
	(state3) 0.07692307692090156, 0.07692307694561079, 0.07692307692037649, 0.07692307692970438, 0.07692307692039402, 0.07692307692037649, 0.07692307692037649, 0.07692307692037649, 0.07692307692037702, 0.07692307692037673, 0.07692307692037649, 0.07692307692037649, 0.07692307692037649;
	(state4) 0.07692307692090156, 0.07692307694561079, 0.07692307692037649, 0.07692307692970438, 0.07692307692039402, 0.07692307692037649, 0.07692307692037649, 0.07692307692037649, 0.07692307692037702, 0.07692307692037673, 0.07692307692037649, 0.07692307692037649, 0.07692307692037649;
	(state5) 0.18749819298714895, 0.06250013900235404, 0.06250013900113785, 0.06250013900193675, 0.0625001390011414, 0.06250013900113781, 0.06250013900113781, 0.06250013900113781, 0.06250013900196025, 0.12500027799675548, 0.06250013900113781, 0.06250013900113781, 0.06250013900187622;
	(state6) 0.9077683850776497, 0.011519407601828248, 0.017271752108343117, 0.005845192384226487, 0.005760073241119667, 0.005759491318429354, 0.011518750250017456, 0.005759491318429354, 0.005759491318429354, 0.005759491426239259, 0.005759491318429354, 0.005759491318429354, 0.005759491318429357;
	(state7) 0.7749593949575944, 0.06753982414791793, 0.015033152790361893, 0.022401966614435418, 0.05252444468371315, 0.007504544806305165, 0.007504847603437193, 0.007504544806305165, 0.007504558389315305, 0.015009086781667734, 0.007504544806305165, 0.007504544806305165, 0.007504544806336259;
	(state8) 0.13043766106705432, 0.0869363851994098, 0.043479219965618036, 0.04347921996561803, 0.17391687468728736, 0.04347921996561803, 0.13043765942134253, 0.04347921996561803, 0.043479219965618474, 0.043479219969215825, 0.04347921996561803, 0.04347921996561803, 0.1304376598963636;
	(state9) 0.07692307692090156, 0.07692307694561079, 0.07692307692037649, 0.07692307692970438, 0.07692307692039402, 0.07692307692037649, 0.07692307692037649, 0.07692307692037649, 0.07692307692037702, 0.07692307692037673, 0.07692307692037649, 0.07692307692037649, 0.07692307692037649;
}

probability ( d2_drowsiness | variable90 ) {
	(state0) 0.05892332335326555, 0.17671668045862335, 0.05892332335917841, 0.11622215529965227, 0.05892332818808305, 0.058923323344831934, 0.11782792591645852, 0.058923323344831934, 0.05892332335170878, 0.058923323344837374, 0.058923323344831934, 0.058923323344831934, 0.058923323348865034;
	(state1) 0.25924460266713056, 0.03704018781758187, 0.11111247855332597, 0.18514017613591, 0.03708758841871923, 0.03703749829002121, 0.07407497937809787, 0.03703749829002121, 0.07407499657991312, 0.037037498378783, 0.03703749829002121, 0.03703749829002121, 0.03703749891045358;
	(state2) 0.3487988941441601, 0.024927720169445642, 0.02490863265630281, 0.02494542812910903, 0.1493319751935352, 0.024906202908046002, 0.15318677649318926, 0.024906202908046002, 0.024906216194772124, 0.024906202978724798, 0.024906202908046002, 0.024906202908046002, 0.12446334240857704;
	(state3) 0.07692307692037893, 0.0769230769456302, 0.07692307692037686, 0.07692307692040506, 0.07692307692038708, 0.07692307692037649, 0.0769230769207999, 0.07692307692037649, 0.07692307692970438, 0.0769230769204014, 0.07692307692037649, 0.07692307692037649, 0.07692307692041014;
	(state4) 0.07692307692037893, 0.0769230769456302, 0.07692307692037686, 0.07692307692040506, 0.07692307692038708, 0.07692307692037649, 0.0769230769207999, 0.07692307692037649, 0.07692307692970438, 0.0769230769204014, 0.07692307692037649, 0.07692307692037649, 0.07692307692041014;
	(state5) 0.18749819289846997, 0.06250013900258236, 0.06250013900113784, 0.06250013905252862, 0.06250013900115281, 0.06250013900113781, 0.06250013903264943, 0.06250013900113781, 0.06250013900211673, 0.06250013900368485, 0.06250013900113781, 0.06250013900113781, 0.12500027800112615;
	(state6) 0.6665915260885933, 0.07797531296496035, 0.057589437302097764, 0.028793734227938923, 0.07478259962333388, 0.0057594913184293535, 0.013684839050176683, 0.0057594913184293535, 0.04026851400838159, 0.0057594913184293535, 0.0057594913184293535, 0.0057594913184293535, 0.011516580142370825;
	(state7) 0.5272588872494179, 0.1685625185489267, 0.06004276464740892, 0.015218604959651723, 0.08268984973615442, 0.007504544806305169, 0.07860050877469085, 0.007504544806305169, 0.015071531565637014, 0.007504544806305169, 0.007504544806305169, 0.007504544806305169, 0.01503261048658677;
	(state8) 0.0869363857922486, 0.043479221572782355, 0.04347921996561823, 0.04347921996754947, 0.21739609415995226, 0.04347921996561803, 0.08695843993512414, 0.04347921996561803, 0.04347921996562769, 0.17391687963306907, 0.04347921996561803, 0.04347921996561803, 0.08695843914555611;
	(state9) 0.07692307692037893, 0.0769230769456302, 0.07692307692037686, 0.07692307692040506, 0.07692307692038708, 0.07692307692037649, 0.0769230769207999, 0.07692307692037649, 0.07692307692970438, 0.0769230769204014, 0.07692307692037649, 0.07692307692037649, 0.07692307692041014;
}

probability ( d2_fatigue | variable90 ) {
	(state0) 0.058923340240136526, 0.11784608071892694, 0.11779392307582576, 0.05892332334484356, 0.05892332819817101, 0.058923323344831934, 0.05892332335422877, 0.058923323344831934, 0.11622213841960409, 0.05892332335490132, 0.058923323344831934, 0.058923323344831934, 0.11782792591403433;
	(state1) 0.07408144673487044, 0.07407539087394577, 0.18517047844193824, 0.037043145343455326, 0.11111516863610024, 0.037037498290021204, 0.03703777896024319, 0.037037498290021204, 0.18518753947967945, 0.07409378484763317, 0.037037498290021204, 0.037037498290021204, 0.07404527352204932;
	(state2) 0.22377247763090893, 0.024906211055156613, 0.04984329190497423, 0.07465915750448497, 0.04981926531518532, 0.024906202908046002, 0.09960949268683747, 0.024906202908046002, 0.12446246686125059, 0.04981415513441366, 0.024906202908046002, 0.024906202908046002, 0.20348867027460424;
	(state3) 0.07692307692038337, 0.07692307692039396, 0.07692307692040314, 0.07692307692037673, 0.07692307694562515, 0.07692307692037649, 0.07692307692060038, 0.07692307692037649, 0.07692307692976191, 0.07692307692037713, 0.07692307692037649, 0.07692307692037649, 0.07692307692057222;
	(state4) 0.07692307692038337, 0.07692307692039396, 0.07692307692040314, 0.07692307692037673, 0.07692307694562515, 0.07692307692037649, 0.07692307692060038, 0.07692307692037649, 0.07692307692976191, 0.07692307692037713, 0.07692307692037649, 0.07692307692037649, 0.07692307692057222;
	(state5) 0.06250013905240805, 0.06250013900136425, 0.0625001390031984, 0.06250013900113786, 0.06250013900237553, 0.06250013900113781, 0.06250013900303288, 0.06250013900113781, 0.06250013900214445, 0.12500027799748936, 0.06250013900113781, 0.06250013900113781, 0.187498192932298;
