network Best LCM {
}

variable variable25 {
	type discrete[10] { state0, state1, state2, state3, state4, state5, state6, state7, state8, state9 };
}

variable scm1rue {
	type discrete[4] { s0, s1, s2, s3 };
}

variable scm1lue {
	type discrete[4] { s0, s1, s2, s3 };
}

variable scm2rue {
	type discrete[4] { s0, s1, s2, s3 };
}

variable scm2lue {
	type discrete[4] { s0, s1, s2, s3 };
}

variable scm3rue {
	type discrete[4] { s0, s1, s2, s3 };
}

variable scm3lue {
	type discrete[4] { s0, s1, s2, s3 };
}

variable scm4rue {
	type discrete[4] { s0, s1, s2, s3 };
}

variable scm4lue {
	type discrete[4] { s0, s1, s2, s3 };
}

variable scm5rise {
	type discrete[4] { s0, s1, s2, s3 };
}

variable scm6post {
	type discrete[4] { s0, s1, s2, s3 };
}

variable scm7gait {
	type discrete[4] { s0, s1, s2, s3 };
}

variable scm8spee {
	type discrete[4] { s0, s1, s2, s3 };
}

variable scm9free {
	type discrete[4] { s0, s1, s2, s3 };
}

variable scm10swa {
	type discrete[4] { s0, s1, s2, s3 };
}

variable scm11spe {
	type discrete[4] { s0, s1, s2, s3 };
}

variable scm12fee {
	type discrete[4] { s0, s1, s2, s3 };
}

variable scm13dre {
	type discrete[4] { s0, s1, s2, s3 };
}

variable scm14hyg {
	type discrete[4] { s0, s1, s2, s3 };
}

variable scm15cha {
	type discrete[4] { s0, s1, s2, s3 };
}

variable scm16wal {
	type discrete[4] { s0, s1, s2, s3 };
}

variable scm17han {
	type discrete[4] { s0, s1, s2, s3 };
}

variable scm18dpr {
	type discrete[4] { s0, s1, s2, s3 };
}

variable scm19dsv {
	type discrete[4] { s0, s1, s2, s3 };
}

variable scm20fpr {
	type discrete[4] { s0, s1, s2, s3 };
}

variable scm21fsv {
	type discrete[4] { s0, s1, s2, s3 };
}

probability ( variable25 ) {
	table 0.07132872066838739, 0.034869405442657514, 0.15150714407990098, 0.06475400371187041, 0.26189867242471054, 0.048539490587137316, 0.25556513054422964, 0.07410973611867994, 0.017292349328349797, 0.02013534709407649;
}

probability ( scm1rue | variable25 ) {
	(state0) 0.03686309007055654, 0.322645656582805, 0.4613151061953218, 0.17917614715131652;
	(state1) 0.8019764927841446, 0.06617824736690445, 0.06592316321577175, 0.06592209663317923;
	(state2) 0.9395947079886899, 0.024427999470947176, 0.01807945248380183, 0.017897840056560987;
	(state3) 0.7590899273488656, 0.07864484662953189, 0.08444260173243495, 0.07782262428916738;
	(state4) 0.6440052057702487, 0.21775756255829742, 0.12764430720229958, 0.010592924469154247;
	(state5) 0.5473990408008793, 0.24975164680173934, 0.15269003888511942, 0.050159273512261994;
	(state6) 0.4777585630890895, 0.30902526345860515, 0.20236925130967617, 0.010846922142629271;
	(state7) 0.03819545397620289, 0.6091017612971924, 0.31769084492883354, 0.03501193979777111;
	(state8) 0.5547902072886058, 0.22247810491831357, 0.11197756220368937, 0.11075412558939113;
	(state9) 0.09989282577221062, 0.09973037042719836, 0.20216573685802722, 0.5982110669425639;
}

probability ( scm1lue | variable25 ) {
	(state0) 0.18072493083039626, 0.2451570045434194, 0.4339813949446291, 0.1401366696815552;
	(state1) 0.8018906872764496, 0.06620924379751063, 0.06597792991525948, 0.06592213901078015;
	(state2) 0.7722790950494384, 0.15615060947348686, 0.053667193499136644, 0.017903101977938055;
	(state3) 0.8751765112699506, 0.044408296719235955, 0.03937023064918033, 0.041044961361633096;
	(state4) 0.6570167838937886, 0.25063697350037817, 0.06943033859834107, 0.02291590400749233;
	(state5) 0.6466284031954842, 0.2024224554901826, 0.10036619109615287, 0.05058295021818036;
	(state6) 0.46862408461350463, 0.26650538268265944, 0.22915768772204417, 0.03571284498179173;
	(state7) 0.14231330942486006, 0.5896013565117425, 0.14529286813643894, 0.12279246592695839;
	(state8) 0.33293273989913397, 0.22246610624643315, 0.33320101120284684, 0.11140014265158603;
	(state9) 0.09989351839037637, 0.09974059750823358, 0.09979723779964467, 0.7005686463017454;
}

probability ( scm2rue | variable25 ) {
	(state0) 0.13931584747849896, 0.3547891724775728, 0.39834637458707006, 0.10754860545685804;
	(state1) 0.735949332779369, 0.13218048306342012, 0.06594809634058847, 0.06592208781662239;
	(state2) 0.7302916756823494, 0.21559346710342234, 0.036218076363930915, 0.017896780850297302;
	(state3) 0.7966640003074958, 0.08625707156482719, 0.07801412778716367, 0.03906480034051328;
	(state4) 0.6408900282560189, 0.2577837559979751, 0.09073329127685453, 0.010592924469151587;
	(state5) 0.4991431280001437, 0.40052826270244096, 0.05017849501900067, 0.05015011427841474;
	(state6) 0.5234432165391474, 0.366617755766684, 0.09909212667087249, 0.010846901023296175;
	(state7) 0.03520228429813562, 0.751305611616067, 0.17884721370715762, 0.03464489037863983;
	(state8) 0.6665390227653539, 0.1119741645671649, 0.11080649265454201, 0.1106803200129391;
	(state9) 0.1994461644329363, 0.201938027471664, 0.09997041771030732, 0.4986453903850925;
}

probability ( scm2lue | variable25 ) {
	(state0) 0.10466083606958401, 0.4281337398617861, 0.3597443196083515, 0.10746110446027829;
	(state1) 0.6719953937139641, 0.19608996620814786, 0.06596759324333769, 0.0659470468345504;
	(state2) 0.645817058612786, 0.28158913332594365, 0.03683870019294411, 0.03575510786832629;
	(state3) 0.7269370643728026, 0.1929292796953901, 0.041064207784934297, 0.03906944814687305;
	(state4) 0.621166233162251, 0.3113297773392313, 0.046318829010144134, 0.021185160488373586;
	(state5) 0.5977097651527761, 0.3015445537476953, 0.050588957127988346, 0.05015672397154021;
	(state6) 0.5050848950086595, 0.3620706980834211, 0.12199678874434555, 0.01084761816357376;
	(state7) 0.10563564619060241, 0.6450094149471918, 0.2146550137126937, 0.03469992514951222;
	(state8) 0.5554419009732626, 0.22246310446681694, 0.11141381721648214, 0.11068117734343846;
	(state9) 0.09988108708997037, 0.19938110022260627, 0.2018568473305896, 0.49888096535683385;
}

probability ( scm3rue | variable25 ) {
	(state0) 0.07154417328240933, 0.07152345999879726, 0.7489220632330228, 0.1080103034857705;
	(state1) 0.5265405651131516, 0.26834807664568433, 0.1391737122566973, 0.06593764598446672;
	(state2) 0.2668204290650312, 0.4970806713872423, 0.2003070966701862, 0.035791802877540385;
	(state3) 0.15401526804304344, 0.430617882604971, 0.33481820630495357, 0.08054864304703192;
	(state4) 0.3934882757081689, 0.522680708603243, 0.06264517548218508, 0.021185840206402972;
	(state5) 0.05054073921587261, 0.09852136917160371, 0.20326893474369864, 0.647668956868825;
	(state6) 0.20448313279346778, 0.5178958179006887, 0.26677317530597294, 0.010847873999870503;
	(state7) 0.07475151436097721, 0.41831787476249105, 0.4721915318191869, 0.03473907905734478;
	(state8) 0.11090176696103392, 0.44365881350541125, 0.22334176820989174, 0.22209765132366294;
	(state9) 0.09972838484548736, 0.09973418000090269, 0.3018051269147956, 0.4987323082388144;
}

probability ( scm3lue | variable25 ) {
	(state0) 0.03585051306640552, 0.21239865181244175, 0.6474607156085633, 0.10429011951258947;
	(state1) 0.5949796111719281, 0.13588802518109205, 0.20320782978539165, 0.06592453386158818;
	(state2) 0.07330968440391984, 0.5836466075464383, 0.3245067031203792, 0.01853700492926278;
	(state3) 0.15540412654901245, 0.20555387799692287, 0.47975095226309156, 0.15929104319097315;
	(state4) 0.3971402829610796, 0.4530217987461992, 0.12581839259084374, 0.024019525701877383;
	(state5) 0.05056331630620107, 0.05017318555188081, 0.2988333234622794, 0.6004301746796388;
	(state6) 0.186610477606524, 0.3669106313272794, 0.37704670334812457, 0.06943218771807196;
	(state7) 0.04117203461643864, 0.642034471982521, 0.2373291378890034, 0.07946435551203695;
	(state8) 0.11159445660418134, 0.33371505164990145, 0.33152418534308753, 0.22316630640282964;
	(state9) 0.09972838835826044, 0.09972847125687878, 0.19957238661079876, 0.600970753774062;
}

probability ( scm4rue | variable25 ) {
	(state0) 0.03586030697164409, 0.2797525250377123, 0.6127512486986295, 0.07163591929201409;
	(state1) 0.7320524771760014, 0.13561690680587563, 0.06635681177141448, 0.06597380424670848;
	(state2) 0.20190254550640505, 0.6476706833802294, 0.1146900777687495, 0.03573669334461609;
	(state3) 0.22805178415608873, 0.36125936037865614, 0.37136091739303223, 0.0393279380722229;
	(state4) 0.38341641919858055, 0.541503584802148, 0.05389415589162462, 0.021185840107646865;
	(state5) 0.051122282635151645, 0.15089173286654606, 0.4472129039391853, 0.3507730805591171;
	(state6) 0.22108995021384784, 0.5715086634212555, 0.19655446915739044, 0.010846917207506253;
	(state7) 0.04050089490731078, 0.5483818584279336, 0.37638129178963137, 0.034735954875124236;
	(state8) 0.11149697315627208, 0.5569498861615251, 0.22087186163690548, 0.11068127904529752;
	(state9) 0.09986550442703993, 0.20191918379302182, 0.19954494204206605, 0.4986703697378722;
}

probability ( scm4lue | variable25 ) {
	(state0) 0.036136772037057265, 0.35260932558093233, 0.5038226709603232, 0.10743123142168706;
	(state1) 0.7978044722775555, 0.069638333196515, 0.0666101092088742, 0.06594708531705534;
	(state2) 0.15605478565880007, 0.6185993805480363, 0.18958774619525717, 0.035758087597906586;
	(state3) 0.2333393425260817, 0.4339517064817019, 0.2916877213501651, 0.04102122964205123;
	(state4) 0.42905760952593813, 0.46960816412716333, 0.09074130164410711, 0.010592924702791433;
	(state5) 0.051122796696364096, 0.10216072189747429, 0.4974460009164087, 0.349270480489753;
	(state6) 0.19163173377690576, 0.4524909223863682, 0.345022096123097, 0.010855247713629165;
	(state7) 0.06899469429405815, 0.6349610511318631, 0.2613446051839246, 0.03469964939015416;
	(state8) 0.11216181847210292, 0.22368783866029246, 0.4442346662341606, 0.21991567663344402;
	(state9) 0.09986550579324222, 0.19947171213491097, 0.10219384369404078, 0.598468938377806;
}

probability ( scm5rise | variable25 ) {
	(state0) 0.07121338224346081, 0.28597566972401667, 0.502915550799978, 0.13989539723254463;
	(state1) 0.6602664501136009, 0.13412976621728767, 0.0666056513944632, 0.1389981322746482;
	(state2) 0.47347448250021934, 0.48976842558163397, 0.018846910376364753, 0.017910181541781835;
	(state3) 0.12328048548672736, 0.2482659166245396, 0.39756652414727334, 0.23088707374145967;
	(state4) 0.8370139604246628, 0.13870292195876469, 0.013690192676875327, 0.010592924939697152;
	(state5) 0.05015644507371531, 0.050206026073884726, 0.2454528242194761, 0.6541847046329239;
	(state6) 0.45090300719020876, 0.47448663855428935, 0.06376338530347288, 0.010846968952028949;
	(state7) 0.20060084357223928, 0.5341896885331018, 0.23053450856960125, 0.034674959325057646;
	(state8) 0.11174125067428195, 0.11163922981350162, 0.6651268977050726, 0.11149262180714381;
	(state9) 0.0997283815391347, 0.09972938295465016, 0.2993899592883942, 0.501152276217821;
}

probability ( scm6post | variable25 ) {
	(state0) 0.10749995703620989, 0.2863647393739369, 0.5376590183124873, 0.06847628527736586;
	(state1) 0.4603191733211777, 0.26740774710176957, 0.2063484817846296, 0.06592459779242314;
	(state2) 0.35392526092045645, 0.45758378588245097, 0.1705911067967633, 0.017899846400329367;
	(state3) 0.07829150027313654, 0.11963067233740998, 0.6425880018151064, 0.15948982557434704;
	(state4) 0.8414103917946857, 0.11178724903222732, 0.036209434680674966, 0.010592924492411997;
	(state5) 0.050150375150811714, 0.0501497597476137, 0.4494217892086841, 0.45027807589289054;
	(state6) 0.4551916127743136, 0.4423425590822074, 0.09161052671418023, 0.010855301429298745;
	(state7) 0.2716123082704093, 0.3461322743828387, 0.3475803170532187, 0.0346751002935332;
	(state8) 0.11091554046384246, 0.11078929400208175, 0.5566796887100706, 0.2216154768240053;
	(state9) 0.09972864568046, 0.09972837965528526, 0.2994769978154256, 0.5010659768488293;
}

probability ( scm7gait | variable25 ) {
	(state0) 0.03585393706208262, 0.25083704838775567, 0.6774585104347864, 0.0358505041153753;
	(state1) 0.33285345949303197, 0.4615116506868721, 0.1397126368789967, 0.06592225294109914;
	(state2) 0.16217550855939222, 0.7131631031144875, 0.10676461073924956, 0.017896777586870728;
	(state3) 0.03911292764109756, 0.2537188332466319, 0.6279365756748183, 0.07923166343745218;
	(state4) 0.619820574556962, 0.35897348629770043, 0.010613014664041333, 0.010592924481296256;
	(state5) 0.05014974174117879, 0.05015047914173391, 0.44986784424569815, 0.4498319348713892;
	(state6) 0.14319576408317722, 0.7975206315641592, 0.04843668726304457, 0.010846917089619126;
	(state7) 0.10990013773581249, 0.6323004356569673, 0.2231545513491124, 0.03464487525810791;
	(state8) 0.11082492245876809, 0.22075166241524785, 0.5576137861443003, 0.11080962898168377;
	(state9) 0.09972837861829172, 0.09972864743512035, 0.6010079631838606, 0.19953501076272734;
}

probability ( scm8spee | variable25 ) {
	(state0) 0.10755041835918537, 0.42898686275523923, 0.3224994271808036, 0.14096329170477173;
	(state1) 0.39362758466626474, 0.1363923469911981, 0.3968005993000459, 0.07317946904249134;
	(state2) 0.13276941575565507, 0.8303166032150474, 0.01901720217411834, 0.01789677885517931;
	(state3) 0.03911061820409214, 0.6116655949824845, 0.2752045495440008, 0.07401923726942247;
	(state4) 0.7807397059280745, 0.19255237030512096, 0.01611499929765285, 0.010592924469151587;
	(state5) 0.050149909557451584, 0.09970449967181726, 0.5464346777170654, 0.3037109130536658;
	(state6) 0.25917420335839225, 0.6713454932110476, 0.05863340240723144, 0.010846901023328727;
	(state7) 0.1736079539114017, 0.7557636208375513, 0.03598298073377045, 0.03464544451727658;
	(state8) 0.11071175314551837, 0.5550158912770884, 0.22298889701018068, 0.11128345856721267;
	(state9) 0.09972837919353561, 0.10217032996847697, 0.4987623891484193, 0.29933890168956817;
}

probability ( scm9free | variable25 ) {
	(state0) 0.1798808852003418, 0.21288170977296125, 0.5351895053842751, 0.07204789964242185;
	(state1) 0.19961374128405893, 0.33131275962959816, 0.40292114534587525, 0.06615235374046752;
	(state2) 0.4364863042115857, 0.38136133749705264, 0.16423637652258413, 0.017915981768777567;
	(state3) 0.1635083074337158, 0.2941535813701483, 0.3866155594081951, 0.1557225517879407;
	(state4) 0.9049027132582387, 0.05279285240659145, 0.02120463178424534, 0.021099802550924585;
	(state5) 0.05097057135290467, 0.20048738697984783, 0.5477374456423068, 0.20080459602494083;
	(state6) 0.6994770142796103, 0.2470552600431539, 0.04262071661929985, 0.01084700905793605;
	(state7) 0.49992915088082535, 0.4299757795682499, 0.035326426989769365, 0.034768642561155465;
	(state8) 0.4425852739436343, 0.3351282469601785, 0.11159406421849154, 0.11069241487769564;
	(state9) 0.20173626305069028, 0.09973945421394594, 0.1999107152595629, 0.498613567475801;
}

probability ( scm10swa | variable25 ) {
	(state0) 0.2158741824299225, 0.3923064714330927, 0.3559672618197941, 0.03585208431719068;
	(state1) 0.3291039305905001, 0.26575271407060796, 0.273338896055157, 0.13180445928373496;
	(state2) 0.5747693963788085, 0.33520351326589537, 0.07213031650041037, 0.01789677385488586;
	(state3) 0.2794177682524446, 0.4523769140426622, 0.22911798330958594, 0.03908733439530724;
	(state4) 0.8515693946503067, 0.12712352261342164, 0.010714158267120015, 0.010592924469151587;
	(state5) 0.14940048733746963, 0.39730846733571873, 0.3028448757166915, 0.15044616961012014;
	(state6) 0.697889660194413, 0.23748963132387368, 0.053773807458422834, 0.0108469010232905;
	(state7) 0.5531812030820957, 0.377252021054581, 0.034921899908676717, 0.03464487595464668;
	(state8) 0.5553677082142812, 0.22232869965286578, 0.11162326511091032, 0.11068032702194283;
	(state9) 0.20175467106794462, 0.19942737071547686, 0.39935993182060375, 0.19945802639597485;
}

probability ( scm11spe | variable25 ) {
	(state0) 0.2114852133442486, 0.361503526625746, 0.3189445080841831, 0.10806675194582228;
	(state1) 0.39438082319271267, 0.13565689490001037, 0.39678282076838506, 0.0731794611388919;
	(state2) 0.13772840850958998, 0.8081737966913729, 0.036201020904146564, 0.017896773894890514;
	(state3) 0.04129887951062224, 0.7645853666455135, 0.11855080192703675, 0.07556495191682754;
	(state4) 0.8810119662890922, 0.09780025967419012, 0.010594849567566142, 0.010592924469151587;
	(state5) 0.05054839637532535, 0.14951812127533215, 0.5020662428692564, 0.29786723948008603;
	(state6) 0.409680678971647, 0.5577740122527608, 0.021698407752300364, 0.010846901023291779;
	(state7) 0.2905034178524606, 0.6399851975652583, 0.03486650778397671, 0.034644876798304455;
	(state8) 0.1116315359260517, 0.4448263878379624, 0.33285686506888634, 0.11068521116709945;
	(state9) 0.1021701227186822, 0.09973111063821448, 0.6982181701146339, 0.0998805965284694;
}

probability ( scm12fee | variable25 ) {
	(state0) 0.03586624502598892, 0.2899203456606529, 0.6380318055660998, 0.03618160374725826;
	(state1) 0.2653888611495025, 0.4050083077137141, 0.26368071033758606, 0.06592212079919729;
	(state2) 0.2651713364027989, 0.5883790743503767, 0.12855253561425495, 0.017897053632569434;
	(state3) 0.11696148710838926, 0.3271479243888264, 0.5153673100792545, 0.04052327842352981;
	(state4) 0.7353456919231766, 0.24343554033915799, 0.010625843262286673, 0.010592924475378789;
	(state5) 0.05018116184397668, 0.051174233623740774, 0.5996229786565269, 0.29902162587575565;
	(state6) 0.0838588050322948, 0.8429816860555994, 0.062312131428703475, 0.010847377483402273;
	(state7) 0.1731996510363287, 0.6161959714703715, 0.14165864393929956, 0.0689457335540004;
	(state8) 0.3335151041857068, 0.3335478776048846, 0.22220169985338808, 0.11073531835602059;
	(state9) 0.09972844791373572, 0.19954652857619595, 0.30179194476147253, 0.39893307874859574;
}

probability ( scm13dre | variable25 ) {
	(state0) 0.0358608133392958, 0.1431903314320854, 0.7840680867307037, 0.03688076849791505;
	(state1) 0.13242197821960094, 0.5308573020268976, 0.2707986256198987, 0.06592209413360271;
	(state2) 0.15947472434844961, 0.617419274483634, 0.20520922748477816, 0.01789677368313839;
	(state3) 0.03910770357931211, 0.21226818537943937, 0.7093779056191191, 0.039246205422129546;
	(state4) 0.5867257518252229, 0.3920392701789408, 0.010642053526684656, 0.010592924469151587;
	(state5) 0.05014975449348993, 0.050171793331444094, 0.39987581543463463, 0.4998026367404314;
	(state6) 0.061288475696437694, 0.8365099397574186, 0.09135468352285007, 0.010846901023293743;
	(state7) 0.07024418544967469, 0.654825002861397, 0.24028583809440085, 0.03464497359452747;
	(state8) 0.33344464541609337, 0.4415621719025967, 0.11430408991199553, 0.11068909276931437;
	(state9) 0.09972837860044392, 0.09972846609647014, 0.3018712636938159, 0.49867189160927017;
}

probability ( scm14hyg | variable25 ) {
	(state0) 0.03585036620763326, 0.2192550270590179, 0.7080138382354338, 0.03688076849791505;
	(state1) 0.19849694794395378, 0.5379142097376405, 0.1976667481848031, 0.0659220941336027;
	(state2) 0.12412804584163298, 0.7285332811101359, 0.12944189936509287, 0.01789677368313839;
	(state3) 0.03909183767519114, 0.36405524643114845, 0.5576067104715309, 0.03924620542212954;
	(state4) 0.6270712203208976, 0.35174250510908234, 0.010593350100868561, 0.01059292446915159;
	(state5) 0.05014975447421278, 0.051123985425488495, 0.3989236233598673, 0.4998026367404314;
	(state6) 0.06389965071112857, 0.8956776180655749, 0.029575830200002855, 0.010846901023293743;
	(state7) 0.17173559081757228, 0.7237731960928321, 0.06984623949506817, 0.034644973594527464;
	(state8) 0.33283395455164555, 0.44331244782696066, 0.11316450485207949, 0.11068909276931437;
	(state9) 0.09972837858078941, 0.09986579636107842, 0.30173393344886207, 0.49867189160927017;
}

probability ( scm15cha | variable25 ) {
	(state0) 0.03585044000608614, 0.21430305569308838, 0.6420986051961232, 0.1077478991047022;
	(state1) 0.13273742251622633, 0.3959113772240116, 0.2736891696135614, 0.19766203064620072;
	(state2) 0.11417734930756328, 0.5655886551168374, 0.28443226213945605, 0.035801733436143166;
	(state3) 0.03915368430521371, 0.17275853558110527, 0.7098667664917906, 0.07822101362189053;
	(state4) 0.6610545859612221, 0.30532723132059586, 0.023025257776748825, 0.01059292494143312;
	(state5) 0.05014974157653296, 0.0501810870244663, 0.34782939626966447, 0.5518397751293364;
	(state6) 0.17529166488089132, 0.7520267198500583, 0.06183467941749192, 0.010846935851558428;
	(state7) 0.07041455950420838, 0.6176678216944239, 0.2430874066019017, 0.06883021219946588;
	(state8) 0.11135343889684321, 0.6648957833717198, 0.11286447586633365, 0.11088630186510322;
	(state9) 0.09972837848973928, 0.09972847789986493, 0.5012780801469957, 0.29926506346340004;
}

probability ( scm16wal | variable25 ) {
	(state0) 0.03585229656358378, 0.36217884706820097, 0.5661119588259125, 0.03585689754230271;
	(state1) 0.2638471220593049, 0.2658981817322452, 0.40433244172844185, 0.06592225448000812;
	(state2) 0.061730043730669655, 0.8137149497179139, 0.10665810831125301, 0.017896898240163342;
	(state3) 0.03907066149620434, 0.17181188782217938, 0.6319794499747092, 0.15713800070690698;
	(state4) 0.5794711237891267, 0.3779775154222736, 0.031958433573839005, 0.010592927214760834;
	(state5) 0.05014974165420065, 0.05015045505506695, 0.3994174312247051, 0.5002823720660273;
	(state6) 0.11537581027319394, 0.7909150555689449, 0.07783685723574997, 0.015872276922111225;
	(state7) 0.07624982796895312, 0.7065164563912286, 0.16400837944472624, 0.05322533619509204;
	(state8) 0.11144194847683435, 0.11146768397577703, 0.6662417047449147, 0.1108486628024741;
	(state9) 0.09972837845690646, 0.09973494583158642, 0.5013212440770097, 0.29921543163449743;
}

probability ( scm17han | variable25 ) {
	(state0) 0.03585065834324431, 0.3593991789402984, 0.5352399527458054, 0.06951020997065199;
	(state1) 0.132793481928254, 0.46488537810792724, 0.1978523367976716, 0.2044688031661472;
	(state2) 0.12311482450824562, 0.6545918978898001, 0.20415689831587727, 0.01813637928607701;
	(state3) 0.07782241189285619, 0.4031031181922278, 0.40365027279135324, 0.11542419712356275;
	(state4) 0.41343076886036917, 0.5236685911267922, 0.039491666428728006, 0.023408973584110593;
	(state5) 0.05054072758148389, 0.10035357424952869, 0.45009810315781884, 0.39900759501116867;
	(state6) 0.15295600610640314, 0.7091623880059891, 0.11567844396349838, 0.022203161924109416;
	(state7) 0.13749839464527294, 0.5613189490223014, 0.24093232455516972, 0.06025033177725602;
	(state8) 0.11149267336458055, 0.11175595834588412, 0.6645954740313694, 0.112155894258166;
	(state9) 0.09972838286894767, 0.09973584407391048, 0.39905811898196863, 0.4014776540751733;
}

probability ( scm18dpr | variable25 ) {
	(state0) 0.17551256332245913, 0.18257501477201732, 0.6060097495860223, 0.035902672319501325;
	(state1) 0.06642029968862181, 0.13344624976847436, 0.4686330080159001, 0.3315004425270037;
	(state2) 0.08730730856764257, 0.6237743424442337, 0.25362224692319296, 0.0352961020649309;
	(state3) 0.5649034732373671, 0.16365985608591163, 0.23230747810121505, 0.03912919257550635;
	(state4) 0.8314349570639239, 0.11566621704865808, 0.02116148870595671, 0.03173733718146131;
	(state5) 0.24999413927373715, 0.40130114928511507, 0.29854551970271825, 0.05015919173842949;
	(state6) 0.9357523849542024, 0.03322502614171945, 0.020160116173642006, 0.010862472730436138;
	(state7) 0.24164934790324114, 0.6875973453454748, 0.03610740975277195, 0.034645896998512206;
	(state8) 0.4441787366739631, 0.22225045974015392, 0.11222017951190227, 0.22135062407398065;
	(state9) 0.10226160580358148, 0.09973229484884583, 0.19980133353526588, 0.5982047658123069;
}

probability ( scm19dsv | variable25 ) {
	(state0) 0.17551441408772436, 0.18248675207074938, 0.5344834458138068, 0.10751538802771933;
	(state1) 0.0678096119024053, 0.32946125679359795, 0.3959022903706907, 0.20682684093330606;
	(state2) 0.13894789380704178, 0.532077606709794, 0.2935784990121827, 0.03539600047098141;
	(state3) 0.6021724136711046, 0.16417939511696103, 0.1603588477358052, 0.07328934347612912;
	(state4) 0.812311160553503, 0.1282020682310111, 0.038324867912213095, 0.02116190330327273;
	(state5) 0.2499941409207826, 0.3511820388638537, 0.29773220705458797, 0.10109161316077579;
	(state6) 0.9454115452905948, 0.03260792551965634, 0.011131799975775476, 0.010848729213973545;
	(state7) 0.24348729386665963, 0.5836536892279154, 0.10368748325409431, 0.06917153365133058;
	(state8) 0.5549849490710752, 0.22363254598701604, 0.11069434411742089, 0.11068816082448785;
	(state9) 0.10226160602087307, 0.09973340191506769, 0.09998029490678402, 0.6980246971572752;
}

probability ( scm20fpr | variable25 ) {
	(state0) 0.06957423479632864, 0.1815673653698015, 0.5694652843910902, 0.17939311544277955;
	(state1) 0.13187872200275308, 0.3968354670889923, 0.39596657634927546, 0.07531923455897914;
	(state2) 0.18102169119554606, 0.5274773709329318, 0.25630749180020435, 0.03519344607131764;
	(state3) 0.199857796164841, 0.08021562806787537, 0.6440699572546387, 0.07585661851264486;
	(state4) 0.7411656538831479, 0.19857173509130943, 0.0496696843907007, 0.010592926634842103;
	(state5) 0.15121048315352778, 0.2508770027866911, 0.45044598170136463, 0.1474665323584166;
	(state6) 0.6755594898540157, 0.295753106741914, 0.01784017003109444, 0.010847233372975858;
	(state7) 0.15664888432354623, 0.7057157364312686, 0.10298883056484284, 0.034646548680342365;
	(state8) 0.22324688933378223, 0.5538958079712335, 0.11210313785014614, 0.11075416484483809;
	(state9) 0.10219418585225543, 0.09973085986912719, 0.3987720384046716, 0.39930291587394573;
}

probability ( scm21fsv | variable25 ) {
	(state0) 0.10540782302541489, 0.109255004276699, 0.5699599146210713, 0.21537725807681474;
	(state1) 0.1318896968763931, 0.13229822468303337, 0.527747074184201, 0.20806500425637256;
	(state2) 0.182619628395353, 0.40639599925528774, 0.3402906677283673, 0.07069370462099198;
	(state3) 0.1998264452598484, 0.1576446718173204, 0.5276995843240553, 0.11482929859877596;
	(state4) 0.7519887712447112, 0.1842462405549443, 0.05317149281617989, 0.01059349538416457;
	(state5) 0.15123252553083727, 0.15229957165512711, 0.3485401327400628, 0.34792777007397274;
	(state6) 0.6953179480130566, 0.2550800062678947, 0.03875465255272809, 0.010847393166320619;
	(state7) 0.12416557898126857, 0.7017998906103883, 0.13937678389236685, 0.03465774651597641;
	(state8) 0.2238753093565385, 0.5532504877954836, 0.11121775588240894, 0.11165644696556894;
	(state9) 0.10219427306198897, 0.09972999773914787, 0.19976337985429896, 0.5983123493445643;
}

