network Best LCM {
}

variable variable490 {
	type discrete[10] { state0, state1, state2, state3, state4, state5, state6, state7, state8, state9 };
}

variable d1_lightheaded {
	type discrete[13] { s0, s1, s2, s3, s4, s5, s6, s7, s8, s9, s10, s11, s12 };
}

variable d1_fainting {
	type discrete[13] { s0, s1, s2, s3, s4, s5, s6, s7, s8, s9, s10, s11, s12 };
}

variable d2_drowsiness {
	type discrete[13] { s0, s1, s2, s3, s4, s5, s6, s7, s8, s9, s10, s11, s12 };
}

variable d2_fatigue {
	type discrete[13] { s0, s1, s2, s3, s4, s5, s6, s7, s8, s9, s10, s11, s12 };
}

variable d2_insomnia {
	type discrete[13] { s0, s1, s2, s3, s4, s5, s6, s7, s8, s9, s10, s11, s12 };
}

variable d2_rls {
	type discrete[13] { s0, s1, s2, s3, s4, s5, s6, s7, s8, s9, s10, s11, s12 };
}

variable d3_loss_interest {
	type discrete[13] { s0, s1, s2, s3, s4, s5, s6, s7, s8, s9, s10, s11, s12 };
}

variable d3_loss_activities {
	type discrete[13] { s0, s1, s2, s3, s4, s5, s6, s7, s8, s9, s10, s11, s12 };
}

variable d3_anxiety {
	type discrete[13] { s0, s1, s2, s3, s4, s5, s6, s7, s8, s9, s10, s11, s12 };
}

variable d3_depression {
	type discrete[13] { s0, s1, s2, s3, s4, s5, s6, s7, s8, s9, s10, s11, s12 };
}

variable d3_flat_affect {
	type discrete[13] { s0, s1, s2, s3, s4, s5, s6, s7, s8, s9, s10, s11, s12 };
}

variable d3_loss_pleasure {
	type discrete[13] { s0, s1, s2, s3, s4, s5, s6, s7, s8, s9, s10, s11, s12 };
}

variable d4_hallucination {
	type discrete[13] { s0, s1, s2, s3, s4, s5, s6, s7, s8, s9, s10, s11, s12 };
}

variable d4_delusion {
	type discrete[13] { s0, s1, s2, s3, s4, s5, s6, s7, s8, s9, s10, s11, s12 };
}

variable d4_diplopia {
	type discrete[13] { s0, s1, s2, s3, s4, s5, s6, s7, s8, s9, s10, s11, s12 };
}

variable d5_loss_concentration {
	type discrete[13] { s0, s1, s2, s3, s4, s5, s6, s7, s8, s9, s10, s11, s12 };
}

variable d5_forget_explicit {
	type discrete[13] { s0, s1, s2, s3, s4, s5, s6, s7, s8, s9, s10, s11, s12 };
}

variable d5_forget_implicit {
	type discrete[13] { s0, s1, s2, s3, s4, s5, s6, s7, s8, s9, s10, s11, s12 };
}

variable d6_drooling {
	type discrete[13] { s0, s1, s2, s3, s4, s5, s6, s7, s8, s9, s10, s11, s12 };
}

variable d6_swallowing {
	type discrete[13] { s0, s1, s2, s3, s4, s5, s6, s7, s8, s9, s10, s11, s12 };
}

variable d6_constipation {
	type discrete[13] { s0, s1, s2, s3, s4, s5, s6, s7, s8, s9, s10, s11, s12 };
}

variable d7_urinary_urgency {
	type discrete[13] { s0, s1, s2, s3, s4, s5, s6, s7, s8, s9, s10, s11, s12 };
}

variable d7_urinary_frequency {
	type discrete[13] { s0, s1, s2, s3, s4, s5, s6, s7, s8, s9, s10, s11, s12 };
}

variable d7_nocturia {
	type discrete[13] { s0, s1, s2, s3, s4, s5, s6, s7, s8, s9, s10, s11, s12 };
}

variable d8_sex_drive {
	type discrete[13] { s0, s1, s2, s3, s4, s5, s6, s7, s8, s9, s10, s11, s12 };
}

variable d8_sex_dysfunction {
	type discrete[13] { s0, s1, s2, s3, s4, s5, s6, s7, s8, s9, s10, s11, s12 };
}

variable d9_unexplained_pain {
	type discrete[13] { s0, s1, s2, s3, s4, s5, s6, s7, s8, s9, s10, s11, s12 };
}

variable d9_taste_smell {
	type discrete[13] { s0, s1, s2, s3, s4, s5, s6, s7, s8, s9, s10, s11, s12 };
}

variable d9_weight_change {
	type discrete[13] { s0, s1, s2, s3, s4, s5, s6, s7, s8, s9, s10, s11, s12 };
}

variable d9_sweating {
	type discrete[13] { s0, s1, s2, s3, s4, s5, s6, s7, s8, s9, s10, s11, s12 };
}

probability ( variable490 ) {
	table 0.002128134899645851, 0.11980731542680256, 0.003293611429509613, 0.02245891181580236, 0.002204802657927438, 0.551291450997047, 0.021554755289986283, 0.2298662320380705, 0.0011025358828071934, 0.04629224956240126;
}

probability ( d1_lightheaded | variable490 ) {
	(state0) 0.07178638401037118, 0.0717863849452145, 0.07178645550363824, 0.07178638970463823, 0.07178638484910227, 0.07178638371554148, 0.07178638392280955, 0.07178638371554148, 0.13856331307327327, 0.07178638440444253, 0.07178638371554148, 0.07178638371554148, 0.07178638472434429;
	(state1) 0.36744176784204957, 0.18860436125298632, 0.09743053697006468, 0.024995552374487175, 0.19702422668309355, 0.008287391138273165, 0.041646779329101234, 0.008287391138273165, 0.032887654407381756, 0.008290543027061614, 0.008287391138273165, 0.008287391138273165, 0.00852901356068127;
	(state2) 0.0667231366835621, 0.0667231351226897, 0.06672314167381013, 0.0667231477468, 0.0667231358242812, 0.06672313415900943, 0.06672313535373997, 0.06672313415900943, 0.06672313972750069, 0.06672313632677264, 0.06672313415900943, 0.06672313415900943, 0.1993223549048058;
	(state3) 0.1765555627181954, 0.24169275793638703, 0.0873126265424853, 0.14904872667981744, 0.03091684208755628, 0.03089257959548527, 0.09271010636868612, 0.03089257959548527, 0.03089824497014847, 0.0363936834939621, 0.03089257959548527, 0.03089257959548527, 0.030901130820820726;
	(state4) 0.07142981691713073, 0.14284213271696355, 0.07142982551841377, 0.0714298174658065, 0.07142986862131913, 0.071429816293429, 0.0714298176042388, 0.071429816293429, 0.07142981735830814, 0.07142982173313919, 0.071429816293429, 0.071429816293429, 0.07142981689096413;
	(state5) 0.7214570346840126, 0.14718830411345155, 0.046303380977082295, 0.01859903271430874, 0.03171274775973304, 0.0019530435746596927, 0.012825790710598372, 0.0019530435746596927, 0.005898530882629088, 0.003866571083486098, 0.0019530435746596927, 0.0019530435746596927, 0.00433643277605927;
	(state6) 0.2762319293047064, 0.06335444994993385, 0.14578831076452342, 0.03170177631941635, 0.031699847682550096, 0.031695557277407936, 0.06073734015494487, 0.031695557277407936, 0.19213639502762106, 0.0398715158251252, 0.031695557277407936, 0.031695557277407936, 0.03169620586154691;
	(state7) 0.48521368679375276, 0.07735386324029339, 0.08082043612011311, 0.07091443119836467, 0.08511806562936743, 0.004535380384169543, 0.06587733501472838, 0.004535380384169543, 0.04090478190691335, 0.02236439156884904, 0.004535380384169543, 0.004535380384169543, 0.05329148699093968;
	(state8) 0.07692307676466154, 0.07692307718014738, 0.07692307743818534, 0.07692307713448931, 0.07692307688713935, 0.07692307665262649, 0.07692307683388731, 0.07692307665262649, 0.07692307726612801, 0.07692307707573119, 0.07692307665262649, 0.07692307665262649, 0.07692307680912468;
	(state9) 0.12682151134299577, 0.0370562251803617, 0.11649520698568717, 0.037046587073223024, 0.20782625701496055, 0.01852295361573768, 0.1660596876949178, 0.01852295361573768, 0.07409280310333656, 0.08618235336700435, 0.01852295361573768, 0.01852295361573768, 0.0743275537745624;
}

probability ( d1_fainting | variable490 ) {
	(state0) 0.1385633309507563, 0.07178638418292074, 0.07178638492087801, 0.07178644545259524, 0.07178638467023833, 0.07178638371554148, 0.0717863837401628, 0.07178638371554148, 0.07178638372600302, 0.07178638377309124, 0.07178638371554148, 0.07178638371554148, 0.07178638372118831;
	(state1) 0.6948077327991551, 0.14924694122486873, 0.02577099248292858, 0.02482982480215651, 0.03753991800583576, 0.008287391138273165, 0.009787243718107474, 0.008287391138273165, 0.008292823039339611, 0.008287568211473913, 0.008287391138273165, 0.008287391138273165, 0.008287391163041658;
	(state2) 0.06672316234136204, 0.066723134248585, 0.06672313446422273, 0.06672314058439259, 0.13260396636399094, 0.06672313415900945, 0.06672313437330361, 0.06672313415900945, 0.06672313416483457, 0.1334415223712805, 0.06672313415900945, 0.06672313415900945, 0.0667231344519903;
	(state3) 0.5385187917176942, 0.03089387996766302, 0.06182171462579959, 0.030898393958640993, 0.030893015469764112, 0.03089257959548527, 0.06127014472550034, 0.03089257959548527, 0.060348579146947724, 0.03089258092348036, 0.03089257959548527, 0.03089257959548527, 0.030892581082568517;
	(state4) 0.1428422004925203, 0.0714298165516846, 0.07142981881542763, 0.07142981686228628, 0.07142981679503135, 0.07142981629342901, 0.07142981633596328, 0.07142981629342901, 0.07142981631517, 0.0714298163212016, 0.07142981629342901, 0.07142981629342901, 0.07142981633699898;
	(state5) 0.9299811340497918, 0.027846276094905125, 0.007897313772390965, 0.005256117225857985, 0.009542546607637587, 0.001953043574659693, 0.0038758542703810055, 0.001953043574659693, 0.001953043597422308, 0.0038824965083138086, 0.001953043574659693, 0.001953043574659693, 0.0019530435746606685;
	(state6) 0.5667400575665429, 0.03169602326848547, 0.0651234702296744, 0.05117509607332914, 0.03169601276952472, 0.031695557277407936, 0.03169594603446543, 0.031695557277407936, 0.03170003603898939, 0.031695557277871454, 0.031695557277407936, 0.031695557277407936, 0.03169557163148536;
	(state7) 0.8793086852497164, 0.01709319497116307, 0.026264006763773728, 0.006343482044562557, 0.025334031253857133, 0.004535380384169543, 0.009113384174937648, 0.004535380384169543, 0.0047408695629132325, 0.004590065937501311, 0.004535380384169543, 0.004535380384169543, 0.009070758504896753;
	(state8) 0.0769230793605554, 0.07692307673869056, 0.0769230768484082, 0.07692307701036703, 0.07692307673247592, 0.07692307665262647, 0.0769230766636138, 0.07692307665262647, 0.0769230766543169, 0.07692307672166558, 0.07692307665262647, 0.07692307665262647, 0.07692307665940064;
	(state9) 0.4236268205081369, 0.03638431004800027, 0.03704569328379079, 0.0425883712491673, 0.1483869706816821, 0.01852295361573768, 0.14525256981361995, 0.01852295361573768, 0.018530318991418427, 0.018524270301180215, 0.01852295361573768, 0.01852295361573768, 0.055568860660053364;
}

probability ( d2_drowsiness | variable490 ) {
	(state0) 0.07178638458051094, 0.07178638372911211, 0.07178639155906956, 0.07178638376855037, 0.0717863851675688, 0.07178638371554148, 0.1385633151513573, 0.07178638371554148, 0.0717864457502619, 0.0717863847136627, 0.07178638371554148, 0.07178638371554148, 0.07178639071774034;
	(state1) 0.4139631938333978, 0.16254975443898645, 0.05273030412611827, 0.00885567852132423, 0.21142533088355675, 0.008287391138273169, 0.07459591999258548, 0.008287391138273169, 0.008631035781312512, 0.008321370105571078, 0.008287391138273169, 0.008287391138273169, 0.025777847764054805;
	(state2) 0.13344152465628348, 0.0667231342166455, 0.06672313472727602, 0.06672313481043694, 0.06672313575632638, 0.06672313415900943, 0.13260397300078985, 0.06672313415900943, 0.06672314181646753, 0.06672313592866816, 0.06672313415900943, 0.06672313415900943, 0.06672314845106832;
	(state3) 0.13427805764657377, 0.09272955966825451, 0.030899238824543762, 0.14746899542576827, 0.08133608231613863, 0.03089257959548527, 0.2341887784658452, 0.03089257959548527, 0.030911161964707355, 0.06280484480655352, 0.03089257959548527, 0.03089257959548527, 0.06181296249967384;
	(state4) 0.07142982187824062, 0.07142981635289235, 0.07142981688177487, 0.07142981686398278, 0.07142981816560294, 0.071429816293429, 0.07142982302093401, 0.071429816293429, 0.07142981743077381, 0.14284218430782603, 0.071429816293429, 0.071429816293429, 0.07142981992425651;
	(state5) 0.6290318561614547, 0.1213793393034953, 0.07056688721010404, 0.05394031630692257, 0.07224102840037647, 0.0019530435746596935, 0.02372731618038264, 0.0019530435746596935, 0.009085662187498834, 0.003915076424897356, 0.0019530435746596935, 0.0019530435746596935, 0.008300343526229555;
	(state6) 0.12606543282365512, 0.09628656591300376, 0.12634135709257016, 0.032659150134872035, 0.14941533620475828, 0.031695557277407936, 0.10470898596403883, 0.031695557277407936, 0.1743341374744565, 0.03169642427825352, 0.031695557277407936, 0.031695557277407936, 0.031710381004760105;
	(state7) 0.48073487550554855, 0.019037580891502332, 0.061312129592205646, 0.06129140513725976, 0.12861041836686757, 0.004535380384169543, 0.07104749198000042, 0.004535380384169543, 0.056721475237106314, 0.02698683722558948, 0.004535380384169543, 0.004535380384169543, 0.07611626452724161;
	(state8) 0.07692307715302978, 0.0769230766560227, 0.07692307674462874, 0.07692307667615211, 0.07692307702527153, 0.07692307665262649, 0.07692307742186053, 0.07692307665262649, 0.07692307710073945, 0.07692307724141849, 0.07692307665262649, 0.07692307665262649, 0.07692307737037078;
	(state9) 0.08614610278358224, 0.0370454946450656, 0.03705696018510942, 0.03694896328165162, 0.21848337803465287, 0.018522953615737678, 0.24789049713373537, 0.018522953615737678, 0.07963323947452608, 0.07424397522538799, 0.018522953615737678, 0.018522953615737678, 0.10845957477333792;
}

probability ( d2_fatigue | variable490 ) {
	(state0) 0.07178638413680753, 0.07178638414659655, 0.07178638377086011, 0.07178638404750481, 0.07178638490551076, 0.07178638371554148, 0.07178638403624457, 0.07178638371554148, 0.13856338353547834, 0.071786385307374, 0.07178638371554148, 0.07178638371554148, 0.0717863912514573;
	(state1) 0.09948192409532361, 0.14280853588454193, 0.16307272109908091, 0.016761557795644057, 0.3137939765149004, 0.008287391138273167, 0.11382862335136831, 0.008287391138273167, 0.03322645755738575, 0.05043508832984665, 0.008287391138273167, 0.008287391138273167, 0.033441550818815786;
	(state2) 0.06672313440497413, 0.06672313416435723, 0.06672313502989267, 0.06672313541332181, 0.06672313519754319, 0.06672313415900945, 0.06672313581430547, 0.06672313415900945, 0.06672314861055174, 0.19932235605066412, 0.06672313415900945, 0.06672313415900945, 0.06672314867835193;
	(state3) 0.04579954527598925, 0.030898106679836463, 0.0921666335318886, 0.09301906095736169, 0.10297915302346401, 0.03089257959548527, 0.15268142122518602, 0.03089257959548527, 0.0968470358638052, 0.12071788664634639, 0.03089257959548527, 0.03089257959548527, 0.1413208384141813;
	(state4) 0.07142986794608412, 0.0714298164229305, 0.0714298171157811, 0.07142981691228313, 0.07142982116705456, 0.07142981629342901, 0.0714298163822276, 0.07142981629342901, 0.07142982443193792, 0.1428421330594619, 0.07142981629342901, 0.07142981629342901, 0.0714298213885232;
	(state5) 0.5205461530254989, 0.17940317644157958, 0.07765482119507514, 0.033330019648147795, 0.09487231559360335, 0.001953043574659693, 0.05118228092531397, 0.001953043574659693, 0.020228633405391494, 0.0049788181596203815, 0.001953043574659693, 0.001953043574659693, 0.009991607307130605;
	(state6) 0.03171243833422546, 0.03169673815434497, 0.031697597708148485, 0.031765563196745686, 0.033572447300368125, 0.03169555727740793, 0.12631609128561241, 0.03169555727740793, 0.4376590329731356, 0.09399664669689038, 0.03169555727740793, 0.03169555727740793, 0.05480121524089712;
	(state7) 0.28560795068508776, 0.02680175960377374, 0.02982981041143044, 0.044893564298806275, 0.10116165819484763, 0.004535380384169543, 0.0949041628827617, 0.004535380384169543, 0.1306555413992896, 0.06574624222532355, 0.004535380384169543, 0.004535380384169543, 0.20225778876200112;
	(state8) 0.07692307678455866, 0.07692307667108199, 0.07692307678064904, 0.07692307674430374, 0.07692307674308813, 0.07692307665262649, 0.07692307674212824, 0.07692307665262649, 0.07692307821717159, 0.07692307716599724, 0.07692307665262649, 0.07692307665262649, 0.07692307754051551;
	(state9) 0.037209930001197794, 0.018523286726950344, 0.03706833096200206, 0.05556888603819564, 0.1641439343850206, 0.01852295361573768, 0.2631278667673658, 0.01852295361573768, 0.07319843764690372, 0.09276924249385593, 0.01852295361573768, 0.01852295361573768, 0.18429827051555736;
}

probability ( d2_insomnia | variable490 ) {
	(state0) 0.07178639304347241, 0.0717863844466942, 0.07178644620611578, 0.071786384524834, 0.07178638395656235, 0.07178638371554148, 0.13856331378386877, 0.07178638371554148, 0.07178638389391813, 0.07178638383435897, 0.07178638371554148, 0.07178638371554148, 0.07178639144800948;
	(state1) 0.28618493847786547, 0.2162297185200432, 0.07509980788312419, 0.033314086503717345, 0.14615076001612978, 0.008287391138273167, 0.0992918485001436, 0.008287391138273167, 0.022392233661687914, 0.04969935319962444, 0.008287391138273167, 0.008287391138273167, 0.03848768868457135;
	(state2) 0.06672313753139834, 0.06672313462830426, 0.06672314063057097, 0.06672313536541082, 0.06672313435083937, 0.06672313415900942, 0.13260397304391935, 0.06672313415900942, 0.06672313618383761, 0.13344152326317787, 0.06672313415900942, 0.06672313415900942, 0.06672314836650352;
	(state3) 0.22703689322801765, 0.0892907214806956, 0.12002334900291876, 0.08129990302467714, 0.09804572714049024, 0.03089257959548527, 0.06569718652890898, 0.03089257959548527, 0.030908908734683292, 0.032455247871573084, 0.03089257959548527, 0.03089257959548527, 0.1316717446060942;
	(state4) 0.07142982329260114, 0.07142986907602879, 0.07142981707470153, 0.07142982135704501, 0.07142981655230189, 0.07142981629342902, 0.0714298179184607, 0.07142981629342902, 0.07142981688447665, 0.07142981766966015, 0.07142981629342902, 0.07142981629342902, 0.14284213500100823;
	(state5) 0.6700714352979714, 0.10342912082033565, 0.046252033578136204, 0.02536659973980881, 0.052971635839706, 0.001953043574659693, 0.027255685570032093, 0.001953043574659693, 0.03871959711397035, 0.006725230584872509, 0.001953043574659693, 0.001953043574659693, 0.021396487156528185;
	(state6) 0.2520175297045352, 0.03176711897020929, 0.05117954515074154, 0.03169789044423911, 0.1269661350594562, 0.03169555727740793, 0.043739847540518566, 0.03169555727740793, 0.12382926601152082, 0.031697230837749286, 0.03169555727740793, 0.03169555727740793, 0.18032320717139821;
	(state7) 0.4282883917465822, 0.06371838844802372, 0.024749298788432496, 0.028860295074875145, 0.07186963107313238, 0.004535380384169543, 0.06712279909802632, 0.004535380384169543, 0.09787562260226675, 0.034065138529636406, 0.004535380384169543, 0.004535380384169543, 0.16530891310234636;
	(state8) 0.07692307730871044, 0.07692307694912824, 0.0769230770315015, 0.07692307678527287, 0.07692307668101422, 0.07692307665262649, 0.0769230773669474, 0.07692307665262649, 0.07692307675495894, 0.07692307685266503, 0.07692307665262649, 0.07692307665262649, 0.07692307765929549;
	(state9) 0.1415779428660993, 0.03721019904065448, 0.04258774803887139, 0.09255491504031307, 0.13366294927733158, 0.01852295361573768, 0.2193004719870368, 0.01852295361573768, 0.1293818563487792, 0.09257793386791276, 0.01852295361573768, 0.01852295361573768, 0.037054169070050824;
}

probability ( d2_rls | variable490 ) {
	(state0) 0.07178638477223383, 0.07178638436272634, 0.0717863841473695, 0.07178638562466585, 0.13856337574786842, 0.07178638371554148, 0.0717863839053789, 0.07178638371554148, 0.07178639153534457, 0.07178638507014547, 0.07178638371554148, 0.07178638371554148, 0.07178638997210114;
	(state1) 0.5229199007799123, 0.13272368488635372, 0.05255396568100253, 0.022527600005976953, 0.15379008779730216, 0.008287391138273167, 0.032751036387350184, 0.008287391138273167, 0.008296097739021121, 0.02484675539915896, 0.008287391138273167, 0.008287391138273167, 0.01644130677082931;
	(state2) 0.06672313768459187, 0.06672313442043015, 0.06672313416867946, 0.13344152348111363, 0.13260397820261055, 0.06672313415900943, 0.06672313560248508, 0.06672313415900943, 0.06672313456213536, 0.06672313734378577, 0.06672313415900943, 0.06672313415900943, 0.06672314789813034;
	(state3) 0.43040867951836265, 0.08820913123459148, 0.061789791545389404, 0.030931891003283363, 0.03935994155987583, 0.03089257959548527, 0.09509538674655779, 0.03089257959548527, 0.03089269319039869, 0.06880856969187325, 0.03089257959548527, 0.03089257959548527, 0.03093359712772655;
	(state4) 0.07142981887189766, 0.07142986821029397, 0.07142981642020724, 0.07142982027269731, 0.07142981845484891, 0.071429816293429, 0.07142981643373023, 0.071429816293429, 0.0714298168585555, 0.14284213772304008, 0.071429816293429, 0.071429816293429, 0.07142982158101296;
	(state5) 0.7334340770111103, 0.10894277334987765, 0.04546991374221262, 0.019498843681790744, 0.041596860557987274, 0.001953043574659693, 0.01713782264431006, 0.001953043574659693, 0.012526347601075533, 0.0039243277723892125, 0.001953043574659693, 0.001953043574659693, 0.009656859340607855;
	(state6) 0.35609324049296764, 0.03176593131324514, 0.03169643293887879, 0.04212819435013283, 0.11486178341648604, 0.031695557277407936, 0.03170277270315236, 0.031695557277407936, 0.1706188103578075, 0.03171051041486383, 0.031695557277407936, 0.031695557277407936, 0.06264009490283416;
	(state7) 0.6540806427363186, 0.033278833927494075, 0.01815523613299522, 0.022528781313063066, 0.07336678058751445, 0.004535380384169544, 0.019800826722984277, 0.004535380384169544, 0.06441178842958192, 0.04586152043364079, 0.004535380384169544, 0.004535380384169544, 0.05037406817972954;
	(state8) 0.07692307699195733, 0.07692307680130246, 0.07692307667167662, 0.07692307709659484, 0.07692307770107203, 0.07692307665262649, 0.07692307670490535, 0.07692307665262649, 0.07692307674053074, 0.07692307744704487, 0.07692307665262649, 0.07692307665262649, 0.07692307723440987;
	(state9) 0.24048799180257038, 0.03720636801263056, 0.02544674917271991, 0.03704930954775626, 0.22509584783173597, 0.01852295361573768, 0.1635356747078842, 0.01852295361573768, 0.03704715285638281, 0.10471023291826698, 0.01852295361573768, 0.01852295361573768, 0.05532885868710228;
}

probability ( d3_loss_interest | variable490 ) {
	(state0) 0.07178638381367139, 0.07178638426091652, 0.07178638421081399, 0.0717863837478467, 0.07178644642413856, 0.07178638371554148, 0.0717863932654069, 0.07178638371554148, 0.13856331921647816, 0.07178638381034688, 0.07178638371554148, 0.07178638371554148, 0.07178638638821494;
	(state1) 0.22612926632432886, 0.14744656336262163, 0.1515884989872845, 0.03806508469662892, 0.239670900595278, 0.008287391138273167, 0.0931562935309325, 0.008287391138273167, 0.024923381758126313, 0.02917017027521229, 0.008287391138273167, 0.008287391138273167, 0.016700275916494266;
	(state2) 0.06672313438056796, 0.0667231355357774, 0.06672313532051753, 0.06672313416040766, 0.06672314290704123, 0.06672313415900945, 0.1993223579406569, 0.06672313415900945, 0.06672315234680849, 0.06672313469707712, 0.06672313415900945, 0.06672313415900945, 0.06672313607510805;
	(state3) 0.20985482095390148, 0.039359823136315565, 0.21993712729506634, 0.08922029241415402, 0.030925829513756515, 0.03089257959548527, 0.09682409749050072, 0.03089257959548527, 0.030893665610259562, 0.12695530223322674, 0.03089257959548527, 0.03089257959548527, 0.03245872297087797;
	(state4) 0.07142981634099052, 0.07142981791729161, 0.0714298165836374, 0.07142981634765945, 0.07142986984852467, 0.07142981629342901, 0.07142982341707897, 0.07142981629342901, 0.07142981835822723, 0.07142981643709319, 0.07142981629342901, 0.07142981629342901, 0.142842139575781;
	(state5) 0.8005148033708303, 0.12189853267422003, 0.031104572586548414, 0.002826443587038111, 0.019122192032000735, 0.001953043574659693, 0.010849749533828786, 0.001953043574659693, 0.001963327573172365, 0.00195514671657586, 0.001953043574659693, 0.001953043574659693, 0.001953057627146619;
	(state6) 0.2653706979715039, 0.03169706655459395, 0.03179725865132127, 0.09515918770257183, 0.2888877462841249, 0.03169555727740793, 0.0635835523097171, 0.03169555727740793, 0.03332454023457068, 0.031697708622792205, 0.03169555727740793, 0.03169555727740793, 0.031700012559172465;
	(state7) 0.6243683078585969, 0.00689839215627906, 0.04003520524647037, 0.0184630637181255, 0.08919095359418955, 0.004535380384169543, 0.06538276178667107, 0.004535380384169543, 0.05445002545974512, 0.006211987993081956, 0.004535380384169543, 0.004535380384169543, 0.07685778065016223;
	(state8) 0.07692307666263305, 0.07692307690437263, 0.07692307675505734, 0.07692307665516362, 0.07692307733191689, 0.07692307665262647, 0.0769230773348829, 0.07692307665262647, 0.0769230778069228, 0.07692307668203749, 0.07692307665262647, 0.07692307665262647, 0.07692307725650731;
	(state9) 0.018554705400716763, 0.055541508727369945, 0.08951030192930644, 0.03701631132083942, 0.3613449531828982, 0.01852295361573768, 0.1418898416917234, 0.01852295361573768, 0.03704752583501534, 0.07408781542183679, 0.01852295361573768, 0.01852295361573768, 0.11091522202734301;
}

probability ( d3_loss_activities | variable490 ) {
	(state0) 0.13856331320128376, 0.071786384008095, 0.07178638374827387, 0.07178638392591027, 0.07178638404083196, 0.07178638371554148, 0.07178638495666544, 0.07178638371554148, 0.07178646003986529, 0.07178638479903247, 0.07178638371554148, 0.07178638371554148, 0.07178638641787596;
	(state1) 0.07895223150094283, 0.14318979887437774, 0.16486851920866466, 0.056001322053325066, 0.29541566855922263, 0.008287391138273167, 0.12472543706946929, 0.008287391138273167, 0.04900114657851648, 0.04627771230050762, 0.008287391138273167, 0.008287391138273167, 0.008418599301880991;
	(state2) 0.06672313987926141, 0.06672313536043853, 0.0667231342396846, 0.06672313528584092, 0.06672313514574998, 0.06672313415900945, 0.19932235664665424, 0.06672313415900945, 0.06672315386404802, 0.0667231367027964, 0.06672313415900945, 0.06672313415900945, 0.06672313623948818;
	(state3) 0.0961669035840561, 0.060431937271439674, 0.08633909607139574, 0.030903199976748622, 0.09163239405332338, 0.03089257959548527, 0.21585831922356544, 0.03089257959548527, 0.03089777959346267, 0.20364148309469046, 0.03089257959548527, 0.03089257959548527, 0.06055856874937681;
	(state4) 0.071429868939861, 0.07142981689078728, 0.07142981632616222, 0.07142981669062426, 0.07142981658490587, 0.071429816293429, 0.07142981821657868, 0.071429816293429, 0.07142981958393396, 0.07142982248967401, 0.071429816293429, 0.071429816293429, 0.14284213910375654;
	(state5) 0.7203559988389888, 0.15790777592081254, 0.05568868823358177, 0.005814814049093757, 0.027579111834497003, 0.001953043574659693, 0.01254805962841681, 0.001953043574659693, 0.007833598310217483, 0.002289711818466713, 0.001953043574659693, 0.001953043574659693, 0.0021700670672862624;
	(state6) 0.24123102256921605, 0.03170036164028601, 0.09508240355090994, 0.06342361072100025, 0.16878381912253254, 0.031695557277407936, 0.12667079943816753, 0.031695557277407936, 0.08291038798872635, 0.03171226941546366, 0.031695557277407936, 0.031695557277407936, 0.03170309644406592;
	(state7) 0.557729597319758, 0.018466812561801608, 0.044431388297201356, 0.019383727821200823, 0.07138537758577242, 0.004535380384169543, 0.034225303864332104, 0.004535380384169543, 0.08690229474799659, 0.027203349766310253, 0.004535380384169543, 0.004535380384169543, 0.12213062649894858;
	(state8) 0.0769230773847176, 0.07692307674412695, 0.0769230766619862, 0.0769230767544482, 0.07692307670336437, 0.07692307665262647, 0.07692307695552716, 0.07692307665262647, 0.07692307781284186, 0.07692307710001904, 0.07692307665262647, 0.07692307665262647, 0.07692307727246266;
	(state9) 0.018679704931684096, 0.08968345119389247, 0.03706451250711705, 0.05538394449047264, 0.22600816709699648, 0.01852295361573768, 0.1668480245217131, 0.01852295361573768, 0.024067206494745974, 0.10471076590830367, 0.01852295361573768, 0.01852295361573768, 0.20346240839212387;
}

probability ( d3_anxiety | variable490 ) {
	(state0) 0.07178638379186665, 0.07178638495900622, 0.07178638426577731, 0.07178638384809945, 0.07178639329694703, 0.07178638371554148, 0.0717863853398898, 0.07178638371554148, 0.07178638385873795, 0.07178638481552022, 0.07178638371554148, 0.07178638371554148, 0.13856338096198945;
	(state1) 0.1636299949720402, 0.16793029692549755, 0.13624729515790368, 0.04390567841315373, 0.28641420489908603, 0.008287391138273169, 0.13532910349155872, 0.008287391138273169, 0.008325353275748314, 0.01662046256679296, 0.008287391138273169, 0.008287391138273169, 0.008448045745126287;
	(state2) 0.06672313451757414, 0.06672313434555484, 0.06672313477831476, 0.06672313430014168, 0.1326039684702349, 0.06672313415900942, 0.1334415248155106, 0.06672313415900942, 0.06672313515817274, 0.06672313674636969, 0.06672313415900942, 0.06672313415900942, 0.06672316023208882;
	(state3) 0.3229058202624949, 0.08580206054525256, 0.030916911060323977, 0.06176789844285787, 0.091651502644915, 0.03089257959548527, 0.09234321590228343, 0.03089257959548527, 0.030896160479324666, 0.06884574971135353, 0.03089257959548527, 0.03089257959548527, 0.09130036256925286;
	(state4) 0.07142981634212159, 0.07142981880617878, 0.14284213133499707, 0.07142981629964101, 0.07142981869869244, 0.071429816293429, 0.07142981929407899, 0.071429816293429, 0.07142981633200665, 0.07142987397120493, 0.071429816293429, 0.071429816293429, 0.0714298237473625;
	(state5) 0.6614916339581849, 0.152072995531, 0.06977030940732355, 0.013576112117458397, 0.062074455823557695, 0.001953043574659693, 0.017449519926794138, 0.001953043574659693, 0.007986289229567478, 0.001957880820455635, 0.001953043574659693, 0.001953043574659693, 0.00580862888701948;
	(state6) 0.15446751296272038, 0.09486109961806813, 0.06309776446185036, 0.04212577361242375, 0.03477514887283944, 0.031695557277407936, 0.031738512535616305, 0.031695557277407936, 0.22720969342788272, 0.0943055425413748, 0.031695557277407936, 0.031695557277407936, 0.1306367228575924;
	(state7) 0.4954097053642448, 0.045807856471318895, 0.029347600676458377, 0.024590680795122666, 0.07675694331733117, 0.004535380384169543, 0.08050884527583727, 0.004535380384169543, 0.06688587360881282, 0.03686016521401302, 0.004535380384169543, 0.004535380384169543, 0.12569080774018276;
	(state8) 0.0769230766762187, 0.07692307685215682, 0.07692307699089031, 0.07692307665654011, 0.0769230770675136, 0.07692307665262647, 0.07692307699749856, 0.07692307665262647, 0.07692307672650293, 0.07692307721119268, 0.07692307665262647, 0.07692307665262647, 0.07692307821098034;
	(state9) 0.07408202018004877, 0.07412148822784848, 0.04396792515710602, 0.03705274095676053, 0.16079704147139398, 0.018522953615737685, 0.27773707813506177, 0.018522953615737685, 0.036862019571511404, 0.08633276831063838, 0.018522953615737685, 0.018522953615737685, 0.13495510352668008;
}

probability ( d3_depression | variable490 ) {
	(state0) 0.07178638560320683, 0.07178638372534756, 0.07178638399255358, 0.07178638373898781, 0.07178639212743558, 0.07178638371554148, 0.07178638633977197, 0.07178638371554148, 0.13856331274817457, 0.0717863848750751, 0.07178638371554148, 0.07178638371554148, 0.07178645198728095;
	(state1) 0.09068770560415683, 0.12720284993694247, 0.09519409185292928, 0.033707991669931124, 0.31941917216080423, 0.008287391138273167, 0.21677440566004028, 0.008287391138273167, 0.025185364535913034, 0.04142393451676434, 0.008287391138273167, 0.008287391138273167, 0.01725491950942565;
	(state2) 0.06672313451089477, 0.06672313416196377, 0.06672313435269114, 0.06672313416598212, 0.06672313598454802, 0.06672313415900943, 0.13260396833638402, 0.06672313415900943, 0.06672313953757002, 0.06672313766171883, 0.06672313415900943, 0.06672313415900943, 0.1334415446522095;
	(state3) 0.26152709005687064, 0.058367948062506, 0.030900132983592656, 0.030908728661627416, 0.03093829290587394, 0.03089257959548527, 0.17303741298925196, 0.03089257959548527, 0.030893579110973984, 0.09971260632110326, 0.03089257959548527, 0.03089257959548527, 0.16014389052625908;
	(state4) 0.07142982331791667, 0.07142981631386076, 0.07142981735855193, 0.07142981629675971, 0.07142981715435612, 0.071429816293429, 0.14284213355122768, 0.071429816293429, 0.07142981726178957, 0.07142987482062194, 0.071429816293429, 0.071429816293429, 0.07142981875119955;
	(state5) 0.681773478129979, 0.15637311413963143, 0.06590414515658866, 0.016029088346700873, 0.043537067791565603, 0.001953043574659693, 0.012726668480390316, 0.001953043574659693, 0.009659733645662106, 0.0039067657116582, 0.001953043574659693, 0.001953043574659693, 0.0022777642991849804;
	(state6) 0.06340017886233451, 0.06305706741057372, 0.03357342681195238, 0.1264111266079499, 0.13727912168713816, 0.031695557277407936, 0.12292109008695883, 0.031695557277407936, 0.1906163992596964, 0.060748825040642836, 0.031695557277407936, 0.031695557277407936, 0.07521053512312163;
	(state7) 0.45416385151391064, 0.04927184333186542, 0.048571377153024176, 0.0260175170024901, 0.081702128413327, 0.004535380384169543, 0.09457765795378907, 0.004535380384169543, 0.0411394447514358, 0.03263579283371804, 0.004535380384169543, 0.004535380384169543, 0.1537788655097616;
	(state8) 0.0769230769131673, 0.07692307665423923, 0.07692307681897595, 0.07692307665358504, 0.07692307685001672, 0.07692307665262647, 0.0769230771810284, 0.07692307665262647, 0.07692307725369239, 0.07692307734005746, 0.07692307665262647, 0.07692307665262647, 0.07692307772473156;
	(state9) 0.08095658868803736, 0.052641079372381376, 0.018525237992909685, 0.037045901299102, 0.25595480438446555, 0.01852295361573768, 0.24092183654419244, 0.01852295361573768, 0.018523000839231547, 0.12338222006285837, 0.01852295361573768, 0.01852295361573768, 0.09795751635387083;
}

probability ( d3_flat_affect | variable490 ) {
	(state0) 0.0717863942928047, 0.07178638381517886, 0.071786383720185, 0.07178638383489606, 0.071786384284894, 0.07178638371554148, 0.07178638516864093, 0.07178638371554148, 0.1385633187506398, 0.07178638486118233, 0.07178638371554148, 0.07178638371554148, 0.07178644640941235;
	(state1) 0.37118193148754597, 0.17656424652968725, 0.07684642727492802, 0.00837729745837275, 0.2359361975766703, 0.008287391138273165, 0.04819335915025052, 0.008287391138273165, 0.01661294142018337, 0.02485037707626381, 0.008287391138273165, 0.008287391138273165, 0.008287657473005191;
	(state2) 0.06672313683702903, 0.1334415226471599, 0.06672313422559786, 0.06672313515869197, 0.06672313561186181, 0.06672313415900943, 0.13260396745637945, 0.06672313415900943, 0.06672315226295247, 0.06672313745129185, 0.06672313415900943, 0.06672313415900943, 0.06672314171299785;
	(state3) 0.391814678841596, 0.0888310884947096, 0.061822647962235175, 0.03731065964460337, 0.04569857477979512, 0.03089257959548527, 0.12317608518179478, 0.03089257959548527, 0.030893635948054627, 0.036411761282116366, 0.03089257959548527, 0.03089257959548527, 0.06047054948315398;
	(state4) 0.14284213677288182, 0.07142981635688167, 0.07142981630625675, 0.07142981632348185, 0.07142981692242231, 0.07142981629342901, 0.07142981798107287, 0.07142981629342901, 0.07142981812218606, 0.07142987422592692, 0.07142981629342901, 0.07142981629342901, 0.0714298218151738;
	(state5) 0.8327540553879458, 0.09941880258881323, 0.019556794038325748, 0.009336444848574944, 0.019986688462448977, 0.001953043574659693, 0.0028888627284171624, 0.001953043574659693, 0.004337947526713974, 0.0019530478393549968, 0.001953043574659693, 0.001953043574659693, 0.0019551822807664047;
	(state6) 0.4085691204040025, 0.03171874832783326, 0.03169850776293478, 0.03172549875383004, 0.09513757577916701, 0.03169555727740793, 0.031738018275083456, 0.03169555727740793, 0.1280504514419822, 0.03171022523138201, 0.03169555727740793, 0.03169555727740793, 0.08286962491415296;
	(state7) 0.6343901140261542, 0.036824847557152464, 0.039512937949420394, 0.02725728552187264, 0.04967553804268162, 0.004535380384169544, 0.06223407296937833, 0.004535380384169544, 0.067140839297172, 0.009804830438046684, 0.004535380384169544, 0.004535380384169544, 0.055018012661443634;
	(state8) 0.07692307758343701, 0.076923076737778, 0.07692307665360508, 0.07692307672592125, 0.07692307676665704, 0.07692307665262649, 0.07692307677144024, 0.07692307665262649, 0.0769230777346088, 0.07692307732989209, 0.07692307665262649, 0.07692307665262649, 0.0769230770861546;
	(state9) 0.09954695493655596, 0.16290343514490005, 0.0185294354575819, 0.05538493257236376, 0.27531257034455603, 0.01852295361573768, 0.1298035802476118, 0.01852295361573768, 0.01852693325462951, 0.08632523098878304, 0.01852295361573768, 0.01852295361573768, 0.0795751125900672;
}

probability ( d3_loss_pleasure | variable490 ) {
	(state0) 0.0717863851735092, 0.07178638397694971, 0.07178638372775016, 0.07178638373728088, 0.07178639049683185, 0.07178638371554148, 0.07178638467713247, 0.07178638371554148, 0.13856332065014648, 0.07178638532008313, 0.07178638371554148, 0.07178638371554148, 0.07178644737815006;
	(state1) 0.1996046392162066, 0.190972739051527, 0.13213538945046924, 0.016575740582372447, 0.28030991405720534, 0.008287391138273169, 0.06953479712982542, 0.008287391138273169, 0.011740721177637628, 0.040973687358664454, 0.008287391138273169, 0.008287391138273169, 0.02500280742299924;
	(state2) 0.0667231343879436, 0.06672313419514514, 0.06672313416836471, 0.06672313415953987, 0.19932236902439815, 0.06672313415900943, 0.0667231368569258, 0.06672313415900943, 0.06672314082906054, 0.06672313723041334, 0.06672313415900943, 0.06672313415900943, 0.06672314251217105;
	(state3) 0.24976499327418702, 0.088175197910064, 0.11816937771504046, 0.03089676799769134, 0.07658886261463013, 0.03089257959548527, 0.06733116785364147, 0.03089257959548527, 0.06177694449557881, 0.12186686267173662, 0.03089257959548527, 0.03089257959548527, 0.06185950708548908;
	(state4) 0.07142981920999575, 0.0714298168833102, 0.07142981631861921, 0.07142981629454691, 0.07142981768470118, 0.071429816293429, 0.07142982282828916, 0.071429816293429, 0.07142981785111809, 0.14284218498040582, 0.071429816293429, 0.071429816293429, 0.07142982277529765;
	(state5) 0.8562522316938714, 0.08614504213955508, 0.019670076815881763, 0.003903794304817384, 0.007737667740151665, 0.001953043574659693, 0.005791308742351286, 0.001953043574659693, 0.00743276998258312, 0.0019535216583625044, 0.001953043574659693, 0.001953043574659693, 0.0033014126237869952;
	(state6) 0.2547086285845628, 0.06339177756620877, 0.03170222953467699, 0.094309656422048, 0.22039637637519596, 0.03169555727740793, 0.03171635563787328, 0.03169555727740793, 0.03368853987346189, 0.03169713691890231, 0.03169555727740793, 0.03169555727740793, 0.1116070699774382;
	(state7) 0.6366501429319278, 0.00922586772572774, 0.027932002682729738, 0.02279227150658716, 0.05309887727017141, 0.004535380384169543, 0.04903305628079483, 0.004535380384169543, 0.08070490611861117, 0.018607864001840346, 0.004535380384169543, 0.004535380384169543, 0.0838134899449317;
	(state8) 0.07692307688217855, 0.07692307669901433, 0.07692307665492197, 0.07692307665315522, 0.07692307730306439, 0.07692307665262649, 0.07692307724577266, 0.07692307665262649, 0.07692307741258889, 0.07692307733604796, 0.07692307665262649, 0.07692307665262649, 0.07692307720275018;
	(state9) 0.0555696823976153, 0.18448226747392135, 0.037051130065157804, 0.018522954492277387, 0.26092803160363276, 0.01852295361573768, 0.0861850477491845, 0.01852295361573768, 0.03686471862874195, 0.11128901657667865, 0.01852295361573768, 0.01852295361573768, 0.1350153365498396;
}

probability ( d4_hallucination | variable490 ) {
	(state0) 0.13856337809399316, 0.07178638433230244, 0.07178638393520752, 0.07178639717685811, 0.07178638428315133, 0.07178638371554148, 0.07178638482520038, 0.07178638371554148, 0.07178638371791536, 0.07178638412011441, 0.07178638371554148, 0.07178638371554148, 0.07178638465309131;
	(state1) 0.629748874955169, 0.12256731515341597, 0.033116627059319725, 0.024362350494049945, 0.07362275968342602, 0.008287391138273165, 0.04132888680463527, 0.008287391138273165, 0.02440183613143871, 0.009411995901081995, 0.008287391138273165, 0.008287391138273165, 0.00828978926437063;
	(state2) 0.06672315005835543, 0.06672313526747622, 0.06672313549022978, 0.0667231473081993, 0.06672313460387133, 0.06672313415900942, 0.06672313558716286, 0.06672313415900942, 0.06672313427800193, 0.133441524510122, 0.06672313415900942, 0.06672313415900942, 0.1326039662605433;
	(state3) 0.478184091803921, 0.09269044787228316, 0.030900143790687243, 0.03095349131404802, 0.03089418221519158, 0.03089257959548527, 0.030896654099852268, 0.03089257959548527, 0.08772305156027006, 0.0632946271957531, 0.03089257959548527, 0.03089257959548527, 0.030892991766052515;
	(state4) 0.14284219355750974, 0.0714298164532605, 0.07142981785058428, 0.07142981760646844, 0.07142982081897456, 0.071429816293429, 0.07142981803948706, 0.071429816293429, 0.0714298162948292, 0.07142981741340647, 0.071429816293429, 0.071429816293429, 0.07142981679176372;
