network Current LCM {
}

variable variable131 {
	type discrete[10] { state0, state1, state2, state3, state4, state5, state6, state7, state8, state9 };
}

variable d1_lightheaded {
	type discrete[13] { s0, s1, s2, s3, s4, s5, s6, s7, s8, s9, s10, s11, s12 };
}

variable d1_fainting {
	type discrete[13] { s0, s1, s2, s3, s4, s5, s6, s7, s8, s9, s10, s11, s12 };
}

variable d2_drowsiness {
	type discrete[13] { s0, s1, s2, s3, s4, s5, s6, s7, s8, s9, s10, s11, s12 };
}

variable d2_fatigue {
	type discrete[13] { s0, s1, s2, s3, s4, s5, s6, s7, s8, s9, s10, s11, s12 };
}

variable d2_insomnia {
	type discrete[13] { s0, s1, s2, s3, s4, s5, s6, s7, s8, s9, s10, s11, s12 };
}

variable d2_rls {
	type discrete[13] { s0, s1, s2, s3, s4, s5, s6, s7, s8, s9, s10, s11, s12 };
}

variable d3_loss_interest {
	type discrete[13] { s0, s1, s2, s3, s4, s5, s6, s7, s8, s9, s10, s11, s12 };
}

variable d3_loss_activities {
	type discrete[13] { s0, s1, s2, s3, s4, s5, s6, s7, s8, s9, s10, s11, s12 };
}

variable d3_anxiety {
	type discrete[13] { s0, s1, s2, s3, s4, s5, s6, s7, s8, s9, s10, s11, s12 };
}

variable d3_depression {
	type discrete[13] { s0, s1, s2, s3, s4, s5, s6, s7, s8, s9, s10, s11, s12 };
}

variable d3_flat_affect {
	type discrete[13] { s0, s1, s2, s3, s4, s5, s6, s7, s8, s9, s10, s11, s12 };
}

variable d3_loss_pleasure {
	type discrete[13] { s0, s1, s2, s3, s4, s5, s6, s7, s8, s9, s10, s11, s12 };
}

variable d4_hallucination {
	type discrete[13] { s0, s1, s2, s3, s4, s5, s6, s7, s8, s9, s10, s11, s12 };
}

variable d4_delusion {
	type discrete[13] { s0, s1, s2, s3, s4, s5, s6, s7, s8, s9, s10, s11, s12 };
}

variable d4_diplopia {
	type discrete[13] { s0, s1, s2, s3, s4, s5, s6, s7, s8, s9, s10, s11, s12 };
}

variable d5_loss_concentration {
	type discrete[13] { s0, s1, s2, s3, s4, s5, s6, s7, s8, s9, s10, s11, s12 };
}

variable d5_forget_explicit {
	type discrete[13] { s0, s1, s2, s3, s4, s5, s6, s7, s8, s9, s10, s11, s12 };
}

variable d5_forget_implicit {
	type discrete[13] { s0, s1, s2, s3, s4, s5, s6, s7, s8, s9, s10, s11, s12 };
}

variable d6_drooling {
	type discrete[13] { s0, s1, s2, s3, s4, s5, s6, s7, s8, s9, s10, s11, s12 };
}

variable d6_swallowing {
	type discrete[13] { s0, s1, s2, s3, s4, s5, s6, s7, s8, s9, s10, s11, s12 };
}

variable d6_constipation {
	type discrete[13] { s0, s1, s2, s3, s4, s5, s6, s7, s8, s9, s10, s11, s12 };
}

variable d7_urinary_urgency {
	type discrete[13] { s0, s1, s2, s3, s4, s5, s6, s7, s8, s9, s10, s11, s12 };
}

variable d7_urinary_frequency {
	type discrete[13] { s0, s1, s2, s3, s4, s5, s6, s7, s8, s9, s10, s11, s12 };
}

variable d7_nocturia {
	type discrete[13] { s0, s1, s2, s3, s4, s5, s6, s7, s8, s9, s10, s11, s12 };
}

variable d8_sex_drive {
	type discrete[13] { s0, s1, s2, s3, s4, s5, s6, s7, s8, s9, s10, s11, s12 };
}

variable d8_sex_dysfunction {
	type discrete[13] { s0, s1, s2, s3, s4, s5, s6, s7, s8, s9, s10, s11, s12 };
}

variable d9_unexplained_pain {
	type discrete[13] { s0, s1, s2, s3, s4, s5, s6, s7, s8, s9, s10, s11, s12 };
}

variable d9_taste_smell {
	type discrete[13] { s0, s1, s2, s3, s4, s5, s6, s7, s8, s9, s10, s11, s12 };
}

variable d9_weight_change {
	type discrete[13] { s0, s1, s2, s3, s4, s5, s6, s7, s8, s9, s10, s11, s12 };
}

variable d9_sweating {
	type discrete[13] { s0, s1, s2, s3, s4, s5, s6, s7, s8, s9, s10, s11, s12 };
}

probability ( variable131 ) {
	table 0.0028653295782807365, 0.014289885557651866, 0.0028653295782807365, 0.0057142000403263, 0.0873137682715387, 0.00570984485001722, 0.06414744305659827, 0.016990362698681805, 0.7829135923492131, 0.017190244019411233;
}

probability ( d1_lightheaded | variable131 ) {
	(state0) 0.07692307681492694, 0.07692307719675327, 0.07692307719952712, 0.07692307711026172, 0.07692307678822416, 0.07692307678804748, 0.07692307693955437, 0.07692307678804748, 0.07692307679746209, 0.07692307679032766, 0.07692307678804748, 0.07692307678804748, 0.07692307721077288;
	(state1) 0.05886872972005853, 0.05886995868817215, 0.058867974300330896, 0.0588679680648867, 0.058867957487884696, 0.05886795719888968, 0.23504343107994197, 0.05886795719888968, 0.11740621671420585, 0.058867963663494935, 0.05886795719888968, 0.05886795719888968, 0.058867971485465465;
	(state2) 0.07692307681492694, 0.07692307719675327, 0.07692307719952712, 0.07692307711026172, 0.07692307678822416, 0.07692307678804748, 0.07692307693955437, 0.07692307678804748, 0.07692307679746209, 0.07692307679032766, 0.07692307678804748, 0.07692307678804748, 0.07692307721077288;
	(state3) 0.07145789089238827, 0.07145789658235459, 0.1425053030043023, 0.07145789259171187, 0.0714578905300975, 0.0714578905292206, 0.07145789106437013, 0.0714578905292206, 0.07145789075187438, 0.07145789058028178, 0.0714578905292206, 0.0714578905292206, 0.07145789188573688;
	(state4) 0.269946894849303, 0.16441919667174335, 0.0942005693622217, 0.0706307739907747, 0.04718777981652773, 0.023544643693968983, 0.04745598463620991, 0.023544643693968983, 0.0942568925552551, 0.0706339150389752, 0.023544643693968983, 0.023544643693968983, 0.0470894183031135;
	(state5) 0.07146565315814406, 0.14241215790384967, 0.07146565788088911, 0.07146565367925378, 0.07146565264932711, 0.07146565264506058, 0.07146565589483789, 0.07146565264506058, 0.07146565286729498, 0.07146565265490383, 0.07146565264506058, 0.07146565264506058, 0.07146565273125725;
	(state6) 0.23132147273980758, 0.06394633377966727, 0.11552925319413504, 0.02908042233568289, 0.21107346176977923, 0.02908037025749815, 0.14543038467750966, 0.02908037025749815, 0.029118422406331893, 0.029098393806657435, 0.02908037025749815, 0.02908037025749815, 0.029080374260436366;
	(state7) 0.11151672987311673, 0.11137362612786261, 0.16360006620456544, 0.05577358485977354, 0.055773579625701376, 0.05577357886957123, 0.05577380349266439, 0.05577357886957123, 0.055773608886463474, 0.05577358145819025, 0.05577357886957123, 0.05577357886957123, 0.11154710399337726;
	(state8) 0.6471136469475073, 0.11509065275396496, 0.04942826662144991, 0.02804731249775465, 0.06919700851057219, 0.0035058584540607904, 0.03853188206177052, 0.0035058584540607904, 0.02103853627260531, 0.007011704654391117, 0.0035058584540607904, 0.0035058584540607904, 0.010517555863741136;
	(state9) 0.055557423366260024, 0.05555742266819113, 0.05555742253482651, 0.055557703691043236, 0.05555746325864207, 0.0555574223998455, 0.05555770111853237, 0.0555574223998455, 0.11111481890551955, 0.16663805690699848, 0.0555574223998455, 0.0555574223998455, 0.16667229795060454;
}

probability ( d1_fainting | variable131 ) {
	(state0) 0.07692307810788157, 0.07692307678807177, 0.07692307679619995, 0.07692307678950541, 0.07692307679099888, 0.07692307678804747, 0.07692307678806509, 0.07692307678804747, 0.07692307678823178, 0.07692307721046453, 0.07692307678804747, 0.07692307678804747, 0.07692307678839105;
	(state1) 0.23504623973697256, 0.058867957341944666, 0.11740621624730471, 0.058867957204398545, 0.05886795757017148, 0.05886795719888969, 0.05886795720650413, 0.05886795719888969, 0.05886795721451967, 0.05886797143694769, 0.05886795719888969, 0.05886795719888969, 0.058867957245677824;
	(state2) 0.07692307810788157, 0.07692307678807177, 0.07692307679619995, 0.07692307678950541, 0.07692307679099888, 0.07692307678804747, 0.07692307678806509, 0.07692307678804747, 0.07692307678823178, 0.07692307721046453, 0.07692307678804747, 0.07692307678804747, 0.07692307678839105;
	(state3) 0.14250531088283758, 0.07145789052973898, 0.07145789073637669, 0.07145789169703204, 0.07145789056128866, 0.0714578905292206, 0.07145789052923757, 0.0714578905292206, 0.07145789053157263, 0.07145789188548694, 0.0714578905292206, 0.0714578905292206, 0.07145789052954654;
	(state4) 0.6229599087145513, 0.023578911950837705, 0.047092069298392075, 0.047193953175367495, 0.023737021738677283, 0.023544643693968983, 0.02354464370142886, 0.023544643693968983, 0.0470812868469535, 0.02354464432665742, 0.023544643693968983, 0.023544643693968983, 0.04708898547125849;
	(state5) 0.14241216791613462, 0.07146565264587133, 0.07146565285200591, 0.07146565265439137, 0.07146565268364684, 0.07146565264506059, 0.07146565264509386, 0.07146565264506059, 0.07146565264623923, 0.071465652731103, 0.07146565264506059, 0.07146565264506059, 0.07146565264527163;
	(state6) 0.38247647272530766, 0.1521652340459319, 0.029117865519278304, 0.029103062800247194, 0.14541218904816017, 0.02908037025749815, 0.05816074447313907, 0.02908037025749815, 0.029082206007697866, 0.029080370270260794, 0.02908037025749815, 0.02908037025749815, 0.029080374079984393;
	(state7) 0.2749434875522877, 0.055773579316381834, 0.05577360765806796, 0.05577357926797569, 0.055773588495097344, 0.05577357886957123, 0.05577357886994297, 0.05577357886957123, 0.055773580496108456, 0.11154710398325733, 0.05577357886957123, 0.05577357886957123, 0.055773578882595765;
	(state8) 0.9026867884222451, 0.023720529592772804, 0.014038132451754816, 0.006993396060280497, 0.017501552598283905, 0.0035058584540607887, 0.007011716891429463, 0.0035058584540607887, 0.0035068283382375222, 0.007011716906472053, 0.0035058584540607887, 0.0035058584540607887, 0.00350590492228031;
	(state9) 0.05555793696653476, 0.05555742240878729, 0.0555574225412005, 0.05555742240091622, 0.1666381510387922, 0.05555742239984551, 0.11111483747704083, 0.05555742239984551, 0.055557422402706086, 0.05555745928731768, 0.05555742239984551, 0.05555742239984551, 0.16667223587732247;
}

probability ( d2_drowsiness | variable131 ) {
	(state0) 0.07692307723497345, 0.07692307683934389, 0.07692307714685477, 0.07692307678838649, 0.07692307678991232, 0.07692307678804747, 0.07692307756246837, 0.07692307678804747, 0.0769230767895164, 0.07692307682096675, 0.07692307678804747, 0.07692307678804747, 0.0769230768753877;
	(state1) 0.058867981032624965, 0.11740624271364547, 0.05886797316230224, 0.05886795870783933, 0.058867957498106575, 0.05886795719888969, 0.11731364487557869, 0.05886795719888969, 0.05886795737154844, 0.11773572783651247, 0.05886795719888969, 0.05886795719888969, 0.11773272800628314;
	(state2) 0.07692307723497345, 0.07692307683934389, 0.07692307714685477, 0.07692307678838649, 0.07692307678991232, 0.07692307678804747, 0.07692307756246837, 0.07692307678804747, 0.0769230767895164, 0.07692307682096675, 0.07692307678804747, 0.07692307678804747, 0.0769230768753877;
	(state3) 0.07145789272727573, 0.07145789152033855, 0.14250530166871073, 0.07145789053305689, 0.071457890545631, 0.0714578905292206, 0.07145789779650151, 0.0714578905292206, 0.07145789169923022, 0.07145789058222578, 0.0714578905292206, 0.0714578905292206, 0.07145789081014728;
	(state4) 0.2666154132618676, 0.024740271081674453, 0.02411107506611486, 0.141807565845125, 0.14106326660362925, 0.023544643693968983, 0.1415433533687714, 0.023544643693968983, 0.047241353826401385, 0.023544661857376577, 0.023544643693968983, 0.023544643693968983, 0.09515446431316361;
	(state5) 0.07146565297610655, 0.07146565591614837, 0.07146565723105307, 0.07146565265451012, 0.07146565266588864, 0.07146565264506058, 0.14241215698072535, 0.07146565264506058, 0.07146565265549751, 0.07146565347893509, 0.07146565264506058, 0.07146565264506058, 0.07146565486089293;
	(state6) 0.216780595523774, 0.2885327205094139, 0.02921427806571982, 0.02908082199486871, 0.08726124281149887, 0.02908037025749815, 0.14556667440082358, 0.02908037025749815, 0.029080888926748042, 0.029080452743233738, 0.02908037025749815, 0.02908037025749815, 0.02908084399392667;
	(state7) 0.167147151436598, 0.055773613127150456, 0.1636000479445033, 0.055773580119007994, 0.05577357923866154, 0.05577357886957123, 0.11151690388368762, 0.05577357886957123, 0.055773579551680906, 0.05577358112442033, 0.05577357886957123, 0.05577357886957123, 0.05577364809600488;
	(state8) 0.6598893391643122, 0.09477356138847971, 0.056247264150809634, 0.020954732816521725, 0.0806649378270448, 0.003505858454060789, 0.02453261619435655, 0.003505858454060789, 0.028024161904997114, 0.00350585845406131, 0.003505858454060789, 0.003505858454060789, 0.01738409428317372;
	(state9) 0.05555750592678579, 0.05555742259254082, 0.05555742246878842, 0.055557422428287234, 0.16663810597485276, 0.05555742239984551, 0.11111512964200963, 0.05555742239984551, 0.05555742240089561, 0.1666722398393494, 0.05555742239984551, 0.05555742239984551, 0.055557639127108475;
}

probability ( d2_fatigue | variable131 ) {
	(state0) 0.0769230767905142, 0.07692307678807281, 0.07692307683751394, 0.07692307680244849, 0.07692307720914415, 0.07692307678804747, 0.07692307682749809, 0.07692307678804747, 0.07692307724295291, 0.07692307721172031, 0.07692307678804747, 0.07692307678804747, 0.07692307713794523;
	(state1) 0.05886795753175232, 0.05886795730574536, 0.1177357293470841, 0.05886795758349355, 0.11740819565080415, 0.05886795719888968, 0.11731165510072561, 0.05886795719888968, 0.11773275173505081, 0.058867977639467974, 0.05886795719888968, 0.05886795719888968, 0.05886798931031731;
	(state2) 0.0769230767905142, 0.07692307678807281, 0.07692307683751394, 0.07692307680244849, 0.07692307720914415, 0.07692307678804747, 0.07692307682749809, 0.07692307678804747, 0.07692307724295291, 0.07692307721172031, 0.07692307678804747, 0.07692307678804747, 0.07692307713794523;
	(state3) 0.07145789056081372, 0.07145789053049055, 0.07145789068936352, 0.0714578912596258, 0.0714578955368172, 0.0714578905292206, 0.07145789093217955, 0.0714578905292206, 0.14250530319270996, 0.07145789190523366, 0.0714578905292206, 0.0714578905292206, 0.0714578932758837;
	(state4) 0.11792114002420218, 0.023584174575436833, 0.04742428914053681, 0.023837924616415183, 0.04738908446350954, 0.023544643693968983, 0.07045479071613665, 0.023544643693968983, 0.2669040145522494, 0.04816018962377777, 0.023544643693968983, 0.023544643693968983, 0.2601458175118598;
	(state5) 0.07146565267650823, 0.07146565264608522, 0.07146565389920005, 0.0714656528427843, 0.14241215590084225, 0.07146565264506058, 0.07146565290097706, 0.07146565264506058, 0.0714656594679193, 0.07146565274626202, 0.07146565264506058, 0.07146565264506058, 0.07146565633917915;
	(state6) 0.08702019170195642, 0.10016918328371838, 0.11640770578360445, 0.02908128684980297, 0.1740589966403518, 0.02908037025749815, 0.1454587425366023, 0.02908037025749815, 0.02908233192681625, 0.11504319925931114, 0.02908037025749815, 0.02908037025749815, 0.08735688098784362;
	(state7) 0.05577358971723957, 0.055773578895165044, 0.055773583843303325, 0.1113736025709878, 0.05577362794770334, 0.05577357886957124, 0.1115168751469399, 0.05577357886957124, 0.16360012606148547, 0.11154710567896547, 0.05577357886957124, 0.05577357886957124, 0.055773594659925256;
	(state8) 0.3646064409487604, 0.11763472431429164, 0.0945979108311368, 0.045543288505625515, 0.11574468966675812, 0.003505858454060789, 0.08418974756134316, 0.003505858454060789, 0.048157711390534194, 0.03505323238696427, 0.003505858454060789, 0.003505858454060789, 0.08044882057834264;
	(state9) 0.055557422402172534, 0.055557422400372085, 0.05555742854476151, 0.05555742240045789, 0.055557472956280315, 0.05555742239984551, 0.22219547935698664, 0.05555742239984551, 0.055557642578862095, 0.1666722752797785, 0.05555742239984551, 0.05555742239984551, 0.05555774448094654;
}

probability ( d2_insomnia | variable131 ) {
	(state0) 0.0769230772523436, 0.07692307680247806, 0.07692307678950501, 0.07692307683729259, 0.07692307718348182, 0.07692307678804747, 0.07692307683174185, 0.07692307678804747, 0.07692307679057687, 0.07692307724331052, 0.07692307678804747, 0.07692307678804747, 0.07692307711707978;
	(state1) 0.1762717764034374, 0.0588679581216547, 0.058867957202395106, 0.05886795845023322, 0.1173128724608632, 0.05886795719888968, 0.058867979471415255, 0.05886795719888968, 0.05886795734203601, 0.11773574204537833, 0.05886795719888968, 0.05886795719888968, 0.058867969707027935;
	(state2) 0.0769230772523436, 0.07692307680247806, 0.07692307678950501, 0.07692307683729259, 0.07692307718348182, 0.07692307678804747, 0.07692307683174185, 0.07692307678804747, 0.07692307679057687, 0.07692307724331052, 0.07692307678804747, 0.07692307678804747, 0.07692307711707978;
	(state3) 0.1425053023968659, 0.07145789126197283, 0.0714578916969916, 0.07145789068762709, 0.0714578953850909, 0.0714578905292206, 0.07145789130526708, 0.0714578905292206, 0.07145789056080637, 0.07145789193838549, 0.0714578905292206, 0.0714578905292206, 0.07145789265011035;
	(state4) 0.174634306154856, 0.024054098421838616, 0.04708899695238691, 0.09401152488297025, 0.09542844776033255, 0.023544643693968983, 0.04711173747228104, 0.023544643693968983, 0.09429794772277399, 0.0470770673662993, 0.023544643693968983, 0.023544643693968983, 0.2821172984903854;
	(state5) 0.07146565969684389, 0.07146565284406517, 0.0714656526543813, 0.07146565327841682, 0.14241215527602627, 0.07146565264506058, 0.07146565571188829, 0.07146565264506058, 0.07146565267663554, 0.07146565356487111, 0.07146565264506058, 0.07146565264506058, 0.07146565371662919;
	(state6) 0.14454474362740105, 0.17447324889382781, 0.029080882573205014, 0.06557245269250636, 0.14986471051493544, 0.029080370257498156, 0.2036700041463285, 0.029080370257498156, 0.05816020409249582, 0.029080551416872435, 0.029080370257498156, 0.029080370257498156, 0.02923172101243503;
	(state7) 0.21934329038725897, 0.11137360325087282, 0.0557735792328638, 0.05577358955334186, 0.055773745519289666, 0.05577357886957123, 0.055773584269799906, 0.05577357886957123, 0.05577358839565992, 0.11154710639051728, 0.05577357886957123, 0.05577357886957123, 0.05577359752211079;
	(state8) 0.5423245867972328, 0.11562946089499196, 0.0455761413048712, 0.02717820307293785, 0.07645539608161989, 0.0035058584540607904, 0.04556201928384307, 0.0035058584540607904, 0.042052592209448056, 0.014025242191885107, 0.0035058584540607904, 0.0035058584540607904, 0.07717292434692712;
	(state9) 0.05555764360647888, 0.05555742240308296, 0.05555742240089285, 0.05555742245763661, 0.05555742597655527, 0.0555574223998455, 0.27775298566869117, 0.0555574223998455, 0.11111481876791676, 0.05555746539990263, 0.0555574223998455, 0.0555574223998455, 0.05555770371946077;
}

probability ( d2_rls | variable131 ) {
	(state0) 0.07692307690112483, 0.07692307716869286, 0.07692307678804747, 0.07692307753514023, 0.07692307679011724, 0.07692307678804747, 0.0769230768022707, 0.07692307678804747, 0.07692307714763039, 0.07692307687764487, 0.07692307678804747, 0.07692307678804747, 0.0769230768371414;
	(state1) 0.23471771449793694, 0.0588699364412003, 0.05886795719889045, 0.05886798255072859, 0.0588679578894001, 0.05886795719888969, 0.058867957289074124, 0.05886795719888969, 0.058867972613028154, 0.11773273443163794, 0.05886795719888969, 0.05886795719888969, 0.05886795829254473;
	(state2) 0.07692307690112483, 0.07692307716869286, 0.07692307678804747, 0.07692307753514023, 0.07692307679011724, 0.07692307678804747, 0.0769230768022707, 0.07692307678804747, 0.07692307714763039, 0.07692307687764487, 0.07692307678804747, 0.07692307678804747, 0.0769230768371414;
	(state3) 0.07145789192701699, 0.07145789529828471, 0.0714578905292206, 0.07145789397957207, 0.07145789170099988, 0.0714578905292206, 0.07145789124290743, 0.0714578905292206, 0.14250530165763156, 0.07145789086057097, 0.0714578905292206, 0.0714578905292206, 0.0714578906869135;
	(state4) 0.4810576309149781, 0.023765850604416744, 0.02354465560971266, 0.04722301441169248, 0.047100643644497044, 0.023544643693968983, 0.047154972697391516, 0.023544643693968983, 0.09464452210250253, 0.07063562974964072, 0.023544643693968983, 0.023544643693968983, 0.07069450548929242;
	(state5) 0.07146565662314391, 0.14241215550591552, 0.07146565264506058, 0.07146565379678595, 0.0714656526598895, 0.07146565264506058, 0.0714656528249368, 0.07146565264506058, 0.07146565722571666, 0.0714656548676872, 0.07146565264506058, 0.07146565264506058, 0.07146565327062146;
	(state6) 0.2735483426120805, 0.08745539177656562, 0.029080370290111443, 0.02911360335435056, 0.26099035073270466, 0.029080370257498156, 0.05816297657804881, 0.029080370257498156, 0.02908140077508153, 0.058161118941305004, 0.029080370257498156, 0.029080370257498156, 0.05808496390975938;
	(state7) 0.21933494987268384, 0.05577359316876072, 0.05577357886964516, 0.11154711967682474, 0.055773580083484674, 0.05577357886957124, 0.11137360162181928, 0.05577357886957124, 0.0557820243433383, 0.05577364727202467, 0.05577357886957124, 0.05577357886957124, 0.05577358961313381;
	(state8) 0.6424200190785426, 0.12617748151276453, 0.03856444121644711, 0.028022929341690987, 0.059688424233596875, 0.00350585845406079, 0.024541868833483155, 0.00350585845406079, 0.03851454647588137, 0.01402330670569254, 0.00350585845406079, 0.00350585845406079, 0.014023548785657598;
	(state9) 0.05555747363164396, 0.05555742262127713, 0.05555742239984551, 0.055557740580601166, 0.11108069136137202, 0.05555742239984551, 0.1111148373684735, 0.05555742239984551, 0.11111481883279592, 0.16667248114822078, 0.05555742239984551, 0.05555742239984551, 0.055557422456388075;
}

probability ( d3_loss_interest | variable131 ) {
	(state0) 0.07692307683986463, 0.07692307678807626, 0.07692307719756176, 0.07692307678927479, 0.0769230769103598, 0.07692307678804748, 0.0769230775714024, 0.07692307678804748, 0.07692307678912758, 0.0769230768027386, 0.07692307678804748, 0.07692307678804748, 0.07692307715940437;
	(state1) 0.17584991648355208, 0.05886795730811172, 0.05886995799802404, 0.05886795739373206, 0.17660050393804858, 0.05886795719888968, 0.05886799377613769, 0.05886795719888968, 0.05886795722635842, 0.058867958164163715, 0.05886795719888968, 0.05886795719888968, 0.0588679689163129;
	(state2) 0.07692307683986463, 0.07692307678807626, 0.07692307719756176, 0.07692307678927479, 0.0769230769103598, 0.07692307678804748, 0.0769230775714024, 0.07692307678804748, 0.07692307678912758, 0.0769230768027386, 0.07692307678804748, 0.07692307678804748, 0.07692307715940437;
	(state3) 0.0714578911734337, 0.07145789053004208, 0.0714578960001297, 0.0714578905456422, 0.07145789204384478, 0.0714578905292206, 0.14250530305241124, 0.0714578905292206, 0.0714578905430046, 0.07145789124437125, 0.0714578905292206, 0.0714578905292206, 0.07145789275023814;
	(state4) 0.1902474938341328, 0.02354849955498161, 0.055005380729913185, 0.07056493361873029, 0.1423468698197875, 0.023544643693968983, 0.14119209325829274, 0.023544643693968983, 0.023976528318638276, 0.07048133863274801, 0.023544643693968983, 0.023544643693968983, 0.18845828745689971;
	(state5) 0.07146565311265451, 0.07146565264557722, 0.14241215817857364, 0.0714656526614519, 0.07146565571341217, 0.07146565264506058, 0.07146565731176316, 0.07146565264506058, 0.07146565265882147, 0.0714656528325824, 0.07146565264506058, 0.07146565264506058, 0.07146565430492122;
	(state6) 0.029183034631488754, 0.1454434324592378, 0.11664282523104734, 0.03453468235791909, 0.2960369404344488, 0.029080370257498146, 0.1163551913420573, 0.029080370257498146, 0.029216685217015943, 0.058157892740848725, 0.029080370257498146, 0.029080370257498146, 0.05810783455594346;
	(state7) 0.2193349386502253, 0.05577357900261958, 0.055773606632048736, 0.055773579080257006, 0.055773648677975, 0.05577357886957124, 0.11155555385163006, 0.05577357886957124, 0.05577357967541601, 0.1113736008278903, 0.05577357886957124, 0.05577357886957124, 0.0557735981236532;
	(state8) 0.7186883399252073, 0.0981584496256833, 0.05490161431762472, 0.013376149137537442, 0.03426719194312444, 0.003505858454060789, 0.028075847824055693, 0.003505858454060789, 0.020954408131756436, 0.007045691285776007, 0.003505858454060789, 0.003505858454060789, 0.010508873992991373;
	(state9) 0.055557426697467445, 0.05555742241282453, 0.05555742277335832, 0.05555742240220679, 0.1666725067272319, 0.0555574223998455, 0.1666381412135153, 0.0555574223998455, 0.055557422406054435, 0.11111484202048835, 0.0555574223998455, 0.0555574223998455, 0.05555770374747083;
}

probability ( d3_loss_activities | variable131 ) {
	(state0) 0.07692307680483823, 0.0769230768047091, 0.07692307678809188, 0.07692307687534701, 0.07692307718665677, 0.07692307678804747, 0.07692307727470336, 0.07692307678804747, 0.07692307714926983, 0.07692307680453526, 0.07692307678804747, 0.07692307678804747, 0.07692307715965856;
	(state1) 0.058868730777403684, 0.05886795776846049, 0.05886795743283328, 0.11773272803491545, 0.11740821633345336, 0.05886795719888969, 0.17617867454193378, 0.05886795719888969, 0.05886797265000538, 0.058867964251883884, 0.05886795719888969, 0.05886795719888969, 0.05886796941355201;
	(state2) 0.07692307680483823, 0.0769230768047091, 0.07692307678809188, 0.07692307687534701, 0.07692307718665677, 0.07692307678804747, 0.07692307727470336, 0.07692307678804747, 0.07692307714926983, 0.07692307680453526, 0.07692307678804747, 0.07692307678804747, 0.07692307715965856;
	(state3) 0.07145789082398196, 0.0714578906370275, 0.07145789053249403, 0.0714578908098206, 0.07145789604820972, 0.0714578905292206, 0.07145789214252107, 0.0714578905292206, 0.14250530284264837, 0.07145789129259998, 0.0714578905292206, 0.0714578905292206, 0.07145789275381437;
	(state4) 0.1679956202769929, 0.047082153478324194, 0.04709300054049936, 0.023546884198866563, 0.14141296802062045, 0.023544643693968983, 0.07058737780673857, 0.023544643693968983, 0.047655982772798436, 0.11751454350195745, 0.023544643693968983, 0.023544643693968983, 0.24293289462732615;
	(state5) 0.07146565275994436, 0.07146565306444379, 0.07146565264569327, 0.07146565486102467, 0.14241215792264236, 0.07146565264506058, 0.07146565376940114, 0.07146565264506058, 0.07146565725230028, 0.07146565283840685, 0.07146565264506058, 0.07146565264506058, 0.07146565430590093;
	(state6) 0.056968096879752475, 0.08725314825828455, 0.08724246464029779, 0.029087060545046357, 0.3328774773298522, 0.02908037025749815, 0.08732781102163963, 0.02908037025749815, 0.029218182382117923, 0.0574404949096825, 0.02908037025749815, 0.02908037025749815, 0.11626378300333394;
	(state7) 0.11151674122172238, 0.055773581633667794, 0.1635916004690821, 0.05577364530214041, 0.05577362368215862, 0.05577357886957123, 0.11154726259563516, 0.05577357886957123, 0.055782027764480525, 0.1113736026811603, 0.05577357886957123, 0.05577357886957123, 0.05577359917166774;
	(state8) 0.6517613464690771, 0.08764607215613054, 0.0668450033993716, 0.01752832386867702, 0.05104695276542565, 0.00350585845406079, 0.035080375958124126, 0.00350585845406079, 0.027965477489869092, 0.017658105145662448, 0.00350585845406079, 0.00350585845406079, 0.030444908931419302;
	(state9) 0.055557423346158756, 0.05555742252760961, 0.055557422400149686, 0.055557639127141636, 0.11108068915151337, 0.0555574223998455, 0.16667232729033657, 0.0555574223998455, 0.05555742247587662, 0.16667225783072612, 0.0555574223998455, 0.0555574223998455, 0.05555770625110552;
}

probability ( d3_anxiety | variable131 ) {
	(state0) 0.07692307682394357, 0.07692307681373939, 0.07692307678804801, 0.07692307678807501, 0.07692307757785732, 0.07692307678804747, 0.07692307762036298, 0.07692307678804747, 0.0769230767895366, 0.07692307679045136, 0.07692307678804747, 0.07692307678804747, 0.07692307685579579;
	(state1) 0.11731089142486309, 0.058868723953269544, 0.058867957199188685, 0.05886795729889349, 0.17627600266201465, 0.05886795719888968, 0.11773275394939091, 0.05886795719888968, 0.058867957587959825, 0.05886796392941829, 0.05886795719888968, 0.05886795719888968, 0.05886796319944272;
	(state2) 0.07692307682394357, 0.07692307681373939, 0.07692307678804801, 0.07692307678807501, 0.07692307757785732, 0.07692307678804747, 0.07692307762036298, 0.07692307678804747, 0.0769230767895366, 0.07692307679045136, 0.07692307678804747, 0.07692307678804747, 0.07692307685579579;
	(state3) 0.07145789075984865, 0.07145789085218933, 0.07145789052924725, 0.07145789053026029, 0.14250530721656854, 0.0714578905292206, 0.07145789423564487, 0.0714578905292206, 0.07145789056530617, 0.07145789058166359, 0.0714578905292206, 0.0714578905292206, 0.07145789261238888;
	(state4) 0.24413601928401676, 0.047139334066010334, 0.02369715008297675, 0.02358145185015492, 0.07051232131937156, 0.023544643693968983, 0.09447177699177092, 0.023544643693968983, 0.09446424256032718, 0.047092537029323006, 0.023544643693968983, 0.023544643693968983, 0.2607265920401727;
	(state5) 0.07146565286028703, 0.0714656531301368, 0.07146565264507188, 0.07146565264642492, 0.14241216332505005, 0.07146565264506058, 0.07146565598303423, 0.07146565264506058, 0.07146565267829386, 0.07146565265432651, 0.07146565264506058, 0.07146565264506058, 0.07146565349713234;
	(state6) 0.05819557233340457, 0.18198998276569697, 0.02908245958281731, 0.03453831239937817, 0.31935240583455343, 0.02908037025749815, 0.05820444161318611, 0.02908037025749815, 0.029216715067606806, 0.058160863684971253, 0.02908037025749815, 0.02908037025749815, 0.11493776568839269;
	(state7) 0.05577374718080031, 0.11151672191235913, 0.055773579018986996, 0.055773578900877516, 0.05578207034766281, 0.05577357886957123, 0.11154717701626292, 0.05577357886957123, 0.16359160400071346, 0.05577358105704741, 0.05577357886957123, 0.05577357886957123, 0.11137362508700446;
	(state8) 0.524605968813708, 0.10777090685886617, 0.08762350086165499, 0.03439510752072526, 0.10181885338610162, 0.00350585845406079, 0.05604496256808738, 0.00350585845406079, 0.03172816067002832, 0.010517076682410635, 0.00350585845406079, 0.00350585845406079, 0.03147202882217443;
	(state9) 0.05555742562021187, 0.05555747347832608, 0.055557422399847706, 0.05555742240032863, 0.11108068607484826, 0.0555574223998455, 0.16667277772035566, 0.0555574223998455, 0.05555742240628205, 0.16667225783544937, 0.0555574223998455, 0.0555574223998455, 0.055557422464968274;
}

probability ( d3_depression | variable131 ) {
	(state0) 0.07692307683823675, 0.07692307678820295, 0.07692307681266843, 0.07692307678925946, 0.07692307715445273, 0.07692307678804747, 0.07692307729746235, 0.07692307678804747, 0.07692307679540664, 0.07692307682365294, 0.07692307678804747, 0.07692307678804747, 0.07692307754846786;
	(state1) 0.05886795846588739, 0.05886795791767306, 0.11740621672748275, 0.058867957834112895, 0.05886873875057279, 0.05886795719888968, 0.17617766470473523, 0.05886795719888968, 0.05886795875942448, 0.1177357353605709, 0.05886795719888968, 0.05886795719888968, 0.05886798268398165;
	(state2) 0.07692307683823675, 0.07692307678820295, 0.07692307681266843, 0.07692307678925946, 0.07692307715445273, 0.07692307678804747, 0.07692307729746235, 0.07692307678804747, 0.07692307679540664, 0.07692307682365294, 0.07692307678804747, 0.07692307678804747, 0.07692307754846786;
	(state3) 0.07145789070312117, 0.07145789053187143, 0.07145789084179081, 0.0714578905446871, 0.14250530184776494, 0.0714578905292206, 0.07145789633487837, 0.0714578905292206, 0.07145789060861296, 0.07145789063817673, 0.0714578905292206, 0.0714578905292206, 0.07145789583221412;
	(state4) 0.11834794632382983, 0.024271954099014302, 0.023548987649585938, 0.047131291383360786, 0.07093733942472859, 0.023544643693968977, 0.1186882798920913, 0.023544643693968977, 0.11814018615010143, 0.09426964867382218, 0.023544643693968977, 0.023544643693968977, 0.29048579162758964;
	(state5) 0.07146565328597404, 0.07146565264690517, 0.07146565327004625, 0.07146565266050336, 0.0714656572623079, 0.07146565264506058, 0.14241216013843427, 0.07146565264506058, 0.07146565270299966, 0.07146565349567352, 0.07146565264506058, 0.07146565264506058, 0.07146565395691351;
	(state6) 0.06587705308320041, 0.09268914759962821, 0.05819763612550597, 0.029080505700239522, 0.20335018216840395, 0.02908037025749815, 0.17345739085231315, 0.02908037025749815, 0.029086532484740284, 0.14467634004414767, 0.02908037025749815, 0.02908037025749815, 0.08726373091182817;
	(state7) 0.05577359015282075, 0.05577358024614737, 0.05577360873438855, 0.05577357941270204, 0.2193431893337492, 0.05577357886957123, 0.05577381607792181, 0.05577357886957123, 0.055773601493673, 0.05577358411434879, 0.05577357886957123, 0.05577357886957123, 0.16714713495596353;
	(state8) 0.5388789176879507, 0.11492822842198122, 0.07013170729250354, 0.02804059672636104, 0.08087105422895383, 0.0035058584540607904, 0.07014999859266897, 0.0035058584540607904, 0.027984035638579114, 0.014097348401678044, 0.0035058584540607904, 0.0035058584540607904, 0.04089467919308051;
	(state9) 0.055557422462547794, 0.05555742251319812, 0.05555742255247624, 0.055557422401801566, 0.11111488850449798, 0.05555742239984551, 0.22219571745603203, 0.05555742239984551, 0.055557422405272686, 0.11111485149054674, 0.05555742239984551, 0.05555742239984551, 0.05555774061424489;
}

probability ( d3_flat_affect | variable131 ) {
	(state0) 0.07692307762950173, 0.07692307722713104, 0.076923076819127, 0.07692307678804747, 0.07692307679360587, 0.07692307678804747, 0.07692307681670979, 0.07692307678804747, 0.07692307678843334, 0.07692307682323105, 0.07692307678804747, 0.07692307678804747, 0.07692307716202283;
	(state1) 0.17627375345245114, 0.0588679729387871, 0.11731088857187005, 0.05886795719992132, 0.05886795941178812, 0.05886795719888968, 0.05886797821664503, 0.05886795719888968, 0.05886795743392118, 0.11773573492444664, 0.05886795719888968, 0.05886795719888968, 0.058867969054610635;
	(state2) 0.07692307762950173, 0.07692307722713104, 0.076923076819127, 0.07692307678804747, 0.07692307679360587, 0.07692307678804747, 0.07692307681670979, 0.07692307678804747, 0.07692307678843334, 0.07692307682323105, 0.07692307678804747, 0.07692307678804747, 0.07692307716202283;
	(state3) 0.1425053077199674, 0.07145789199747159, 0.07145789072814865, 0.07145789052922062, 0.07145789056254848, 0.0714578905292206, 0.07145789122728295, 0.0714578905292206, 0.07145789054840503, 0.0714578906374211, 0.0714578905292206, 0.0714578905292206, 0.07145789393265181;
	(state4) 0.35546301698121835, 0.047319194111791814, 0.023688364499563668, 0.02354666178633835, 0.0711802340326787, 0.023544643693968977, 0.04725683482331286, 0.023544643693968977, 0.11728614151780595, 0.04720049052010096, 0.023544643693968977, 0.023544643693968977, 0.17288048695131342;
	(state5) 0.14241216231749879, 0.07146565315168522, 0.07146565284381362, 0.0714656526450609, 0.07146565266256528, 0.07146565264506058, 0.07146565531656665, 0.07146565264506058, 0.0714656526643005, 0.07146565348879662, 0.07146565264506058, 0.07146565264506058, 0.07146565432947001;
	(state6) 0.1812706857027492, 0.1508648893231633, 0.05819406208892089, 0.02908038402189353, 0.2033563676126238, 0.02908037025749815, 0.05815011607068786, 0.02908037025749815, 0.029080424214706836, 0.1155957208908085, 0.02908037025749815, 0.02908037025749815, 0.058085869044453384;
	(state7) 0.27494331931341376, 0.1115471088450791, 0.05577373425206508, 0.055773578869598314, 0.055773589879277684, 0.05577357886957124, 0.05577359229249881, 0.05577357886957124, 0.05577358150761328, 0.05577358374588681, 0.05577357886957124, 0.05577357886957124, 0.05577359581628237;
	(state8) 0.7388881917860597, 0.07293018296135817, 0.038564327683157554, 0.021034848565716652, 0.0350042549610776, 0.003505858454060789, 0.0350349148845339, 0.003505858454060789, 0.021100225928296665, 0.007082663920984231, 0.003505858454060789, 0.003505858454060789, 0.016336955492572313;
	(state9) 0.05555764049914868, 0.05555745941283499, 0.05555742561592234, 0.055557422399845645, 0.3333103795098832, 0.05555742239984551, 0.055557422439573824, 0.05555742239984551, 0.05555742240101429, 0.05555743437190289, 0.05555742239984551, 0.05555742239984551, 0.0555577037504922;
}

probability ( d3_loss_pleasure | variable131 ) {
	(state0) 0.0769230768825493, 0.07692307715230444, 0.07692307680471484, 0.0769230767880476, 0.07692307726043075, 0.07692307678804747, 0.07692307681625146, 0.07692307678804747, 0.07692307714673614, 0.0769230768213451, 0.07692307678804747, 0.07692307678804747, 0.07692307717543037;
	(state1) 0.11773273157282504, 0.058869935838689165, 0.05886795778783487, 0.058867957198900825, 0.1758499283068713, 0.05886795719888968, 0.05886798455997155, 0.05886795719888968, 0.05886797261965339, 0.11773572928946455, 0.05886795719888968, 0.05886795719888968, 0.058867974030230474;
	(state2) 0.0769230768825493, 0.07692307715230444, 0.07692307680471484, 0.0769230767880476, 0.07692307726043075, 0.07692307678804747, 0.07692307681625146, 0.07692307678804747, 0.07692307714673614, 0.0769230768213451, 0.07692307678804747, 0.07692307678804747, 0.07692307717543037;
	(state3) 0.0714578908787853, 0.07145789517240554, 0.07145789063708258, 0.07145789052922405, 0.07145789252553861, 0.0714578905292206, 0.07145789124676799, 0.0714578905292206, 0.14250530166116285, 0.07145789058994123, 0.0714578905292206, 0.0714578905292206, 0.07145789464220953;
	(state4) 0.16668959154148263, 0.023564366354809844, 0.07062634197984433, 0.04692617901945266, 0.1417355330138448, 0.023544643693968983, 0.04721922723913273, 0.023544643693968983, 0.070681084457198, 0.07795035130616879, 0.023544643693968983, 0.023544643693968983, 0.26042875031219026;
	(state5) 0.07146565490481178, 0.14241215507519264, 0.07146565306447701, 0.07146565264506231, 0.07146565321933893, 0.07146565264506058, 0.07146565529168764, 0.07146565264506058, 0.07146565722926793, 0.07146565348824911, 0.07146565264506058, 0.07146565264506058, 0.07146565450167032;
	(state6) 0.09997361843804699, 0.11666981277533664, 0.11632042438921766, 0.0290803809212886, 0.23218852937755868, 0.029080370257498156, 0.05814797353010161, 0.029080370257498156, 0.029081109929514168, 0.05818032205136807, 0.029080370257498156, 0.029080370257498156, 0.14403634755757505;
	(state7) 0.16359168968601667, 0.055773589454187596, 0.055773581828978916, 0.05577357886958864, 0.16729043297110596, 0.05577357886957124, 0.05577358495097011, 0.05577357886957124, 0.0557820266010102, 0.05577358277840948, 0.05577357886957124, 0.05577357886957124, 0.11137361738144763;
	(state8) 0.7416620683282641, 0.07360559848742339, 0.03505984171389547, 0.007036002881226956, 0.04560811317021916, 0.00350585845406079, 0.02452319756131642, 0.00350585845406079, 0.03156522235039653, 0.009425790916629968, 0.00350585845406079, 0.00350585845406079, 0.017490730774384934;
	(state9) 0.05555763913264428, 0.11108072969556276, 0.05555742241920001, 0.05555742239984582, 0.27778711370601533, 0.05555742239984552, 0.05555742578712339, 0.05555742239984552, 0.05555742246862051, 0.055557431034264936, 0.05555742239984552, 0.05555742239984552, 0.05555770375734116;
}

probability ( d4_hallucination | variable131 ) {
	(state0) 0.07692307721458681, 0.07692307679084485, 0.07692307690818125, 0.07692307715429404, 0.07692307684698184, 0.07692307678804747, 0.07692307711514229, 0.07692307678804747, 0.07692307678807478, 0.0769230772415386, 0.07692307678804747, 0.07692307678804747, 0.07692307678816564;
	(state1) 0.05886997100299105, 0.0588679582855117, 0.17660049855811294, 0.05886873840349563, 0.11740621763839408, 0.05886795719888968, 0.05886796965123456, 0.05886795719888968, 0.05886795730748265, 0.1173109028020631, 0.05886795719888968, 0.05886795719888968, 0.058867957555155455;
	(state2) 0.07692307721458681, 0.07692307679084485, 0.07692307690818125, 0.07692307715429404, 0.07692307684698184, 0.07692307678804747, 0.07692307711514229, 0.07692307678804747, 0.07692307678807478, 0.0769230772415386, 0.07692307678804747, 0.07692307678804747, 0.07692307678816564;
	(state3) 0.07145789792616047, 0.07145789056677788, 0.07145789086237701, 0.1425053018459112, 0.07145789091522364, 0.0714578905292206, 0.07145789262201188, 0.0714578905292206, 0.07145789052953612, 0.07145789208439093, 0.0714578905292206, 0.0714578905292206, 0.07145789053072846;
	(state4) 0.5280581304132407, 0.0471373620074121, 0.023550563320352234, 0.047232598522833055, 0.09426395500985199, 0.023544643693968977, 0.09421173701728054, 0.023544643693968977, 0.02360674453242694, 0.023688183556655612, 0.023544643693968977, 0.023544643693968977, 0.02407215084407088;
	(state5) 0.14241215837230412, 0.07146565268364108, 0.0714656556945724, 0.07146565726198754, 0.07146565349861866, 0.07146565264506058, 0.07146565368781592, 0.07146565264506058, 0.07146565264518763, 0.07146565292981412, 0.07146565264506058, 0.07146565264506058, 0.0714656526458162;
