network Best LCM {
}

variable variable310 {
	type discrete[10] { state0, state1, state2, state3, state4, state5, state6, state7, state8, state9 };
}

variable d1_lightheaded {
	type discrete[13] { s0, s1, s2, s3, s4, s5, s6, s7, s8, s9, s10, s11, s12 };
}

variable d1_fainting {
	type discrete[13] { s0, s1, s2, s3, s4, s5, s6, s7, s8, s9, s10, s11, s12 };
}

variable d2_drowsiness {
	type discrete[13] { s0, s1, s2, s3, s4, s5, s6, s7, s8, s9, s10, s11, s12 };
}

variable d2_fatigue {
	type discrete[13] { s0, s1, s2, s3, s4, s5, s6, s7, s8, s9, s10, s11, s12 };
}

variable d2_insomnia {
	type discrete[13] { s0, s1, s2, s3, s4, s5, s6, s7, s8, s9, s10, s11, s12 };
}

variable d2_rls {
	type discrete[13] { s0, s1, s2, s3, s4, s5, s6, s7, s8, s9, s10, s11, s12 };
}

variable d3_loss_interest {
	type discrete[13] { s0, s1, s2, s3, s4, s5, s6, s7, s8, s9, s10, s11, s12 };
}

variable d3_loss_activities {
	type discrete[13] { s0, s1, s2, s3, s4, s5, s6, s7, s8, s9, s10, s11, s12 };
}

variable d3_anxiety {
	type discrete[13] { s0, s1, s2, s3, s4, s5, s6, s7, s8, s9, s10, s11, s12 };
}

variable d3_depression {
	type discrete[13] { s0, s1, s2, s3, s4, s5, s6, s7, s8, s9, s10, s11, s12 };
}

variable d3_flat_affect {
	type discrete[13] { s0, s1, s2, s3, s4, s5, s6, s7, s8, s9, s10, s11, s12 };
}

variable d3_loss_pleasure {
	type discrete[13] { s0, s1, s2, s3, s4, s5, s6, s7, s8, s9, s10, s11, s12 };
}

variable d4_hallucination {
	type discrete[13] { s0, s1, s2, s3, s4, s5, s6, s7, s8, s9, s10, s11, s12 };
}

variable d4_delusion {
	type discrete[13] { s0, s1, s2, s3, s4, s5, s6, s7, s8, s9, s10, s11, s12 };
}

variable d4_diplopia {
	type discrete[13] { s0, s1, s2, s3, s4, s5, s6, s7, s8, s9, s10, s11, s12 };
}

variable d5_loss_concentration {
	type discrete[13] { s0, s1, s2, s3, s4, s5, s6, s7, s8, s9, s10, s11, s12 };
}

variable d5_forget_explicit {
	type discrete[13] { s0, s1, s2, s3, s4, s5, s6, s7, s8, s9, s10, s11, s12 };
}

variable d5_forget_implicit {
	type discrete[13] { s0, s1, s2, s3, s4, s5, s6, s7, s8, s9, s10, s11, s12 };
}

variable d6_drooling {
	type discrete[13] { s0, s1, s2, s3, s4, s5, s6, s7, s8, s9, s10, s11, s12 };
}

variable d6_swallowing {
	type discrete[13] { s0, s1, s2, s3, s4, s5, s6, s7, s8, s9, s10, s11, s12 };
}

variable d6_constipation {
	type discrete[13] { s0, s1, s2, s3, s4, s5, s6, s7, s8, s9, s10, s11, s12 };
}

variable d7_urinary_urgency {
	type discrete[13] { s0, s1, s2, s3, s4, s5, s6, s7, s8, s9, s10, s11, s12 };
}

variable d7_urinary_frequency {
	type discrete[13] { s0, s1, s2, s3, s4, s5, s6, s7, s8, s9, s10, s11, s12 };
}

variable d7_nocturia {
	type discrete[13] { s0, s1, s2, s3, s4, s5, s6, s7, s8, s9, s10, s11, s12 };
}

variable d8_sex_drive {
	type discrete[13] { s0, s1, s2, s3, s4, s5, s6, s7, s8, s9, s10, s11, s12 };
}

variable d8_sex_dysfunction {
	type discrete[13] { s0, s1, s2, s3, s4, s5, s6, s7, s8, s9, s10, s11, s12 };
}

variable d9_unexplained_pain {
	type discrete[13] { s0, s1, s2, s3, s4, s5, s6, s7, s8, s9, s10, s11, s12 };
}

variable d9_taste_smell {
	type discrete[13] { s0, s1, s2, s3, s4, s5, s6, s7, s8, s9, s10, s11, s12 };
}

variable d9_weight_change {
	type discrete[13] { s0, s1, s2, s3, s4, s5, s6, s7, s8, s9, s10, s11, s12 };
}

variable d9_sweating {
	type discrete[13] { s0, s1, s2, s3, s4, s5, s6, s7, s8, s9, s10, s11, s12 };
}

probability ( variable310 ) {
	table 0.00867456451631874, 0.0017605675942710338, 0.012189683167452448, 0.0032638154965145354, 0.13066077953410354, 0.0017605675942710338, 0.7780593666087037, 0.06010952029982289, 0.0017605675942710338, 0.0017605675942710338;
}

probability ( d1_lightheaded | variable310 ) {
	(state0) 0.11808049873136922, 0.0590846434705688, 0.05907668593684941, 0.05907672077296704, 0.05907672415464278, 0.059076681173516166, 0.11468701094137192, 0.059076681173516166, 0.17645762463395992, 0.059076681212652096, 0.059076681173516166, 0.059076681173516166, 0.05907668545155416;
	(state1) 0.0769230628701665, 0.07692324297367596, 0.07692306280562104, 0.07692306396077689, 0.07692306365234113, 0.07692306276008576, 0.07692306286503052, 0.07692306276008576, 0.07692306294116914, 0.07692306276009452, 0.07692306276008576, 0.07692306276008576, 0.07692306413078122;
	(state2) 0.05284381732468399, 0.10575018679711584, 0.21118503720215595, 0.10182268155384269, 0.05284944707291343, 0.052843676669259126, 0.05284458215681655, 0.052843676669259126, 0.05284399256063267, 0.052843676677701866, 0.052843676669259126, 0.052843676669259126, 0.10564187197710034;
	(state3) 0.07218211645521895, 0.07218321019331497, 0.07218211701125736, 0.07218214303430114, 0.13381348198586665, 0.07218211558260679, 0.07218211797750182, 0.07218211558260679, 0.07218211923878921, 0.07218211558284375, 0.07218211558260679, 0.07218211558260679, 0.07218211619047879;
	(state4) 0.37560005607172237, 0.09361476176526716, 0.0606046045875044, 0.10452466137713297, 0.08556365516221766, 0.011598866278160836, 0.05861093659668268, 0.011598866278160836, 0.07058956475912784, 0.02320484719562688, 0.011598866278160836, 0.011598866278160836, 0.08129144737207494;
	(state5) 0.0769230628701665, 0.07692324297367596, 0.07692306280562104, 0.07692306396077689, 0.07692306365234113, 0.07692306276008576, 0.07692306286503052, 0.07692306276008576, 0.07692306294116914, 0.07692306276009452, 0.07692306276008576, 0.07692306276008576, 0.07692306413078122;
	(state6) 0.649053968959818, 0.15832313403038495, 0.07219857681128958, 0.028750682754152976, 0.043394421535552494, 0.002202945372076758, 0.015433044722302515, 0.002202945372076758, 0.008633999313689017, 0.0066074848455958705, 0.002202945372076758, 0.002202945372076758, 0.00879290553890746;
	(state7) 0.1948036760302051, 0.06629033114883576, 0.021778027077774306, 0.021899388477957242, 0.3266162667916417, 0.021672131731958148, 0.13002967678176094, 0.021672131731958148, 0.06518692754941635, 0.04334426348474549, 0.021672131731958148, 0.021672131731958148, 0.04336291572983072;
	(state8) 0.0769230628701665, 0.07692324297367596, 0.07692306280562104, 0.07692306396077689, 0.07692306365234113, 0.07692306276008576, 0.07692306286503052, 0.07692306276008576, 0.07692306294116914, 0.07692306276009452, 0.07692306276008576, 0.07692306276008576, 0.07692306413078122;
	(state9) 0.0769230628701665, 0.07692324297367596, 0.07692306280562104, 0.07692306396077689, 0.07692306365234113, 0.07692306276008576, 0.07692306286503052, 0.07692306276008576, 0.07692306294116914, 0.07692306276009452, 0.07692306276008576, 0.07692306276008576, 0.07692306413078122;
}

probability ( d1_fainting | variable310 ) {
	(state0) 0.23546949153627708, 0.05907668133102886, 0.11468701095830212, 0.05907668132084824, 0.05907668543161826, 0.05907668117351615, 0.05907668120731225, 0.05907668117351615, 0.05907668117351615, 0.05907668117351615, 0.05907668117351615, 0.05907668117351615, 0.05907668117351615;
	(state1) 0.07692324538617017, 0.07692306277738009, 0.07692306285630653, 0.07692306276608321, 0.0769230640852698, 0.07692306276008576, 0.07692306280818985, 0.07692306276008576, 0.07692306276008576, 0.07692306276008576, 0.07692306276008576, 0.07692306276008576, 0.07692306276008576;
	(state2) 0.2602475170539883, 0.10567343435287328, 0.052843709653710706, 0.05284375223878764, 0.10564215810982797, 0.052843676669259126, 0.052843691905998136, 0.052843676669259126, 0.052843676669259126, 0.052843676669259126, 0.052843676669259126, 0.052843676669259126, 0.052843676669259126;
	(state3) 0.13381461091440452, 0.07218211631122998, 0.07218211630635062, 0.07218211558799305, 0.0721821161946479, 0.07218211558260679, 0.07218211560712627, 0.07218211558260679, 0.07218211558260679, 0.07218211558260679, 0.07218211558260679, 0.07218211558260679, 0.07218211558260679;
	(state4) 0.8007110332417475, 0.024072376143100115, 0.04700594889957015, 0.011603884582489734, 0.011669623453816651, 0.01159886627816083, 0.023745069732149845, 0.01159886627816083, 0.01159886627816083, 0.01159886627816083, 0.01159886627816083, 0.01159886627816083, 0.01159886627816083;
	(state5) 0.07692324538617017, 0.07692306277738009, 0.07692306285630653, 0.07692306276608321, 0.0769230640852698, 0.07692306276008576, 0.07692306280818985, 0.07692306276008576, 0.07692306276008576, 0.07692306276008576, 0.07692306276008576, 0.07692306276008576, 0.07692306276008576;
	(state6) 0.9055431631716999, 0.04608491719011217, 0.006634642332431171, 0.008810485455457342, 0.01320423772083248, 0.002202945372076758, 0.004301936524929362, 0.002202945372076758, 0.002202945372076758, 0.002202945372076758, 0.002202945372076758, 0.002202945372076758, 0.002202945372076758;
	(state7) 0.43651356922974643, 0.06512851510290045, 0.06489345673816138, 0.043347605968303844, 0.10837914915214505, 0.021672131731958144, 0.13003278168503585, 0.021672131731958144, 0.021672131731958144, 0.021672131731958144, 0.021672131731958144, 0.021672131731958144, 0.021672131731958144;
	(state8) 0.07692324538617017, 0.07692306277738009, 0.07692306285630653, 0.07692306276608321, 0.0769230640852698, 0.07692306276008576, 0.07692306280818985, 0.07692306276008576, 0.07692306276008576, 0.07692306276008576, 0.07692306276008576, 0.07692306276008576, 0.07692306276008576;
	(state9) 0.07692324538617017, 0.07692306277738009, 0.07692306285630653, 0.07692306276608321, 0.0769230640852698, 0.07692306276008576, 0.07692306280818985, 0.07692306276008576, 0.07692306276008576, 0.07692306276008576, 0.07692306276008576, 0.07692306276008576, 0.07692306276008576;
}

probability ( d2_drowsiness | variable310 ) {
	(state0) 0.05907672512306215, 0.11468701315387692, 0.059076683774570475, 0.05907668481296056, 0.05907687447120958, 0.059076681173516166, 0.17640710363871379, 0.059076681173516166, 0.1181310158521305, 0.059084490184318605, 0.059076681173516166, 0.059076681173516166, 0.059076684295092836;
	(state1) 0.07692306399940359, 0.07692306285314796, 0.07692306277365497, 0.07692306276282149, 0.07692306364375581, 0.07692306276008576, 0.07692306434003218, 0.07692306276008576, 0.07692306286702748, 0.07692324294298651, 0.07692306276008576, 0.07692306276008576, 0.076923062776827;
	(state2) 0.1018229467953511, 0.05284372936591727, 0.05284461076158635, 0.105642902055791, 0.21120207977600022, 0.052843676669259126, 0.10564220678469544, 0.052843676669259126, 0.052843746380417694, 0.05293937566000302, 0.052843676669259126, 0.052843676669259126, 0.052843695743201344;
	(state3) 0.07218214311454169, 0.072182116103865, 0.0721821176792097, 0.07218211572875742, 0.13381348360255577, 0.0721821155826068, 0.07218211980151966, 0.0721821155826068, 0.0721821161448273, 0.07218320882396778, 0.0721821155826068, 0.0721821155826068, 0.07218211667032846;
	(state4) 0.276955406882524, 0.012399232447807612, 0.06933759837934873, 0.048582225543616575, 0.1566371766113877, 0.011598866278160834, 0.11051809589171863, 0.011598866278160834, 0.04696228484424533, 0.08144896682223447, 0.011598866278160834, 0.011598866278160834, 0.15076354746447368;
	(state5) 0.07692306399940359, 0.07692306285314796, 0.07692306277365497, 0.07692306276282149, 0.07692306364375581, 0.07692306276008576, 0.07692306434003218, 0.07692306276008576, 0.07692306286702748, 0.07692324294298651, 0.07692306276008576, 0.07692306276008576, 0.076923062776827;
	(state6) 0.5554162778270579, 0.1101143739851374, 0.07271027769798952, 0.06787714265744782, 0.10488366849062329, 0.0022029453720767587, 0.040730846914713, 0.0022029453720767587, 0.0197256688192805, 0.006508224342489892, 0.0022029453720767587, 0.0022029453720767587, 0.013221737776953625;
	(state7) 0.1315699751631124, 0.06511614536927249, 0.06536490754558481, 0.021678925304954508, 0.239135801239336, 0.021672131731958144, 0.21665983626807403, 0.021672131731958144, 0.0866296491630615, 0.022139270904586106, 0.021672131731958144, 0.021672131731958144, 0.06501696211418564;
	(state8) 0.07692306399940359, 0.07692306285314796, 0.07692306277365497, 0.07692306276282149, 0.07692306364375581, 0.07692306276008576, 0.07692306434003218, 0.07692306276008576, 0.07692306286702748, 0.07692324294298651, 0.07692306276008576, 0.07692306276008576, 0.076923062776827;
	(state9) 0.07692306399940359, 0.07692306285314796, 0.07692306277365497, 0.07692306276282149, 0.07692306364375581, 0.07692306276008576, 0.07692306434003218, 0.07692306276008576, 0.07692306286702748, 0.07692324294298651, 0.07692306276008576, 0.07692306276008576, 0.076923062776827;
}

probability ( d2_fatigue | variable310 ) {
	(state0) 0.05907668567703906, 0.05907671732495773, 0.05907671832326493, 0.059076687941608474, 0.059077436070004236, 0.059076681173516166, 0.059076842480673956, 0.059076681173516166, 0.235460680220256, 0.11469482356838119, 0.059076681173516166, 0.059076681173516166, 0.05907668369974983;
	(state1) 0.07692306278057576, 0.07692306356117472, 0.07692306395244307, 0.07692306289553394, 0.07692306285626382, 0.07692306276008574, 0.07692306281522888, 0.07692306276008574, 0.0769230628949177, 0.07692324434712504, 0.07692306276008574, 0.07692306276008574, 0.07692306285639391;
	(state2) 0.05284368532056566, 0.05284911074478028, 0.10182269684510091, 0.052843718096872896, 0.05284429407944864, 0.05284367666925913, 0.10565542211254975, 0.05284367666925913, 0.10567354925644663, 0.15853699497562238, 0.05284367666925913, 0.05284367666925913, 0.10555582189157638;
	(state3) 0.07218211563734139, 0.13381348133941554, 0.0721821425525857, 0.07218211655260794, 0.07218211780297776, 0.07218211558260679, 0.07218211800140953, 0.07218211558260679, 0.07218211797349403, 0.07218320988592695, 0.07218211558260679, 0.07218211558260679, 0.07218211792381385;
	(state4) 0.15921966082220068, 0.013267464666139213, 0.013001221981903885, 0.024655859716577015, 0.10947861156462903, 0.011598866278160834, 0.12307666600554755, 0.011598866278160834, 0.15113468099237812, 0.11732070031579656, 0.011598866278160834, 0.011598866278160834, 0.24244966882218466;
	(state5) 0.07692306278057576, 0.07692306356117472, 0.07692306395244307, 0.07692306289553394, 0.07692306285626382, 0.07692306276008574, 0.07692306281522888, 0.07692306276008574, 0.0769230628949177, 0.07692324434712504, 0.07692306276008574, 0.07692306276008574, 0.07692306285639391;
	(state6) 0.4786034235382087, 0.16301161669995234, 0.07697468555027843, 0.03279832721766301, 0.13102476016283401, 0.0022029453720767583, 0.053735465772451585, 0.0022029453720767583, 0.03301008898383026, 0.006412258160655365, 0.0022029453720767583, 0.0022029453720767583, 0.015617592425819116;
	(state7) 0.06537785018798595, 0.08679872070919084, 0.02190001129944942, 0.06471056441312623, 0.21854526010972494, 0.021672131731958144, 0.2383273962330541, 0.021672131731958144, 0.06501493159740526, 0.06572719418652953, 0.021672131731958144, 0.021672131731958144, 0.0869095443357012;
	(state8) 0.07692306278057576, 0.07692306356117472, 0.07692306395244307, 0.07692306289553394, 0.07692306285626382, 0.07692306276008574, 0.07692306281522888, 0.07692306276008574, 0.0769230628949177, 0.07692324434712504, 0.07692306276008574, 0.07692306276008574, 0.07692306285639391;
	(state9) 0.07692306278057576, 0.07692306356117472, 0.07692306395244307, 0.07692306289553394, 0.07692306285626382, 0.07692306276008574, 0.07692306281522888, 0.07692306276008574, 0.0769230628949177, 0.07692324434712504, 0.07692306276008574, 0.07692306276008574, 0.07692306285639391;
}

probability ( d2_insomnia | variable310 ) {
	(state0) 0.1181311733014363, 0.05907668575588038, 0.05907751042378909, 0.05907668340848516, 0.05907668153491359, 0.05907668117351615, 0.11740254627525554, 0.05907668117351615, 0.11808049035319299, 0.059076682462398035, 0.05907668117351615, 0.05907668117351615, 0.11469482179058421;
	(state1) 0.0769230628861683, 0.07692306278917316, 0.07692306484364829, 0.07692306283448967, 0.07692306277058851, 0.07692306276008576, 0.07692306422295206, 0.07692306276008576, 0.07692306281209707, 0.07692306276596886, 0.07692306276008576, 0.07692306276008576, 0.07692324303457108;
	(state2) 0.2111972891423232, 0.052843693575267386, 0.10182846518608799, 0.05284367740124863, 0.05284368139288247, 0.05284367666925913, 0.10564244771377308, 0.05284367666925913, 0.105642917357001, 0.05284373694779163, 0.05284367666925913, 0.05284367666925913, 0.05293938460658819;
	(state3) 0.07218211927908189, 0.07218211684003793, 0.1338135102761184, 0.0721821160348097, 0.07218211559255851, 0.07218211558260682, 0.07218211799987674, 0.07218211558260682, 0.07218211584006279, 0.07218211566292637, 0.07218211558260682, 0.07218211558260682, 0.07218321014410051;
	(state4) 0.437712931748818, 0.046621548153396475, 0.03648490666312091, 0.012112816183588013, 0.04581999965995163, 0.011598866278160834, 0.0935968121901623, 0.011598866278160834, 0.0929685781751974, 0.048224798628920366, 0.011598866278160834, 0.011598866278160834, 0.14006214348420165;
	(state5) 0.0769230628861683, 0.07692306278917316, 0.07692306484364829, 0.07692306283448967, 0.07692306277058851, 0.07692306276008576, 0.07692306422295206, 0.07692306276008576, 0.07692306281209707, 0.07692306276596886, 0.07692306276008576, 0.07692306276008576, 0.07692324303457108;
	(state6) 0.6128056808211024, 0.10584909787250149, 0.04847809539172836, 0.028540965758940766, 0.06399388403412014, 0.0022029453720767587, 0.03279722330296642, 0.0022029453720767587, 0.050637841348690586, 0.012927378224709737, 0.0022029453720767587, 0.0022029453720767587, 0.03515805175693314;
	(state7) 0.045306838638595665, 0.12855062429136271, 0.0664810936129217, 0.08668568032178336, 0.19505733466043296, 0.021672131731958148, 0.15292252102518622, 0.021672131731958148, 0.08669572574531, 0.12947056450761216, 0.021672131731958148, 0.021672131731958148, 0.02214109026896277;
	(state8) 0.0769230628861683, 0.07692306278917316, 0.07692306484364829, 0.07692306283448967, 0.07692306277058851, 0.07692306276008576, 0.07692306422295206, 0.07692306276008576, 0.07692306281209707, 0.07692306276596886, 0.07692306276008576, 0.07692306276008576, 0.07692324303457108;
	(state9) 0.0769230628861683, 0.07692306278917316, 0.07692306484364829, 0.07692306283448967, 0.07692306277058851, 0.07692306276008576, 0.07692306422295206, 0.07692306276008576, 0.07692306281209707, 0.07692306276596886, 0.07692306276008576, 0.07692306276008576, 0.07692324303457108;
}

probability ( d2_rls | variable310 ) {
	(state0) 0.05907688147196265, 0.05907668669401424, 0.05907672352174414, 0.059076682008430574, 0.17645762911956495, 0.05907668117351615, 0.05907668208441637, 0.05907668117351615, 0.11808048758229046, 0.11469481623900173, 0.05907668117351615, 0.05907668117351615, 0.05907668658451011;
	(state1) 0.07692306414527401, 0.07692306278892957, 0.07692306360514116, 0.07692306277813689, 0.07692306426466608, 0.07692306276008574, 0.07692306278134263, 0.07692306276008574, 0.0769230627937668, 0.07692324302095781, 0.07692306276008574, 0.07692306276008574, 0.07692306278144187;
	(state2) 0.31297492326585935, 0.05284463293470938, 0.0528491481675369, 0.05284369336006561, 0.10564217580109378, 0.052843676669259126, 0.05284372571946015, 0.052843676669259126, 0.05284368200850167, 0.05293937596119608, 0.052843676669259126, 0.052843676669259126, 0.05284393610454046;
	(state3) 0.07218214405660765, 0.072182117996218, 0.1338134817814681, 0.07218211708012447, 0.07218211984622164, 0.0721821155826068, 0.07218211562454574, 0.0721821155826068, 0.07218211563783933, 0.07218320920603816, 0.0721821155826068, 0.0721821155826068, 0.07218211644050967;
	(state4) 0.532956534946925, 0.02402752151407627, 0.036153804524088014, 0.04623290131489382, 0.09360880555742569, 0.011598866278160832, 0.023365956128718866, 0.011598866278160832, 0.056693803879543946, 0.08152012818993666, 0.011598866278160832, 0.011598866278160832, 0.059045078831748414;
	(state5) 0.07692306414527401, 0.07692306278892957, 0.07692306360514116, 0.07692306277813689, 0.07692306426466608, 0.07692306276008574, 0.07692306278134263, 0.07692306276008574, 0.0769230627937668, 0.07692324302095781, 0.07692306276008574, 0.07692306276008574, 0.07692306278144187;
	(state6) 0.7425364062550687, 0.08356590124889629, 0.04178830688169681, 0.013248500347350941, 0.05710999529389743, 0.0022029453720767587, 0.015423740355497585, 0.0022029453720767587, 0.011264446421055922, 0.006624077628562139, 0.0022029453720767587, 0.0022029453720767587, 0.019626844079667274;
	(state7) 0.3047759887833556, 0.08657424003486781, 0.04463946553879993, 0.021672588893264427, 0.19546171710997215, 0.021672131731958148, 0.17303199170508354, 0.021672131731958148, 0.02167216922049848, 0.043810321854379074, 0.021672131731958148, 0.021672131731958148, 0.02167298993194657;
	(state8) 0.07692306414527401, 0.07692306278892957, 0.07692306360514116, 0.07692306277813689, 0.07692306426466608, 0.07692306276008574, 0.07692306278134263, 0.07692306276008574, 0.0769230627937668, 0.07692324302095781, 0.07692306276008574, 0.07692306276008574, 0.07692306278144187;
	(state9) 0.07692306414527401, 0.07692306278892957, 0.07692306360514116, 0.07692306277813689, 0.07692306426466608, 0.07692306276008574, 0.07692306278134263, 0.07692306276008574, 0.0769230627937668, 0.07692324302095781, 0.07692306276008574, 0.07692306276008574, 0.07692306278144187;
}

probability ( d3_loss_interest | variable310 ) {
	(state0) 0.1180804952582284, 0.059076684063878004, 0.05907687484465242, 0.17374134258990753, 0.05907743914030593, 0.05907668117351615, 0.059076695106957657, 0.05907668117351615, 0.11740257607219151, 0.05907668123880165, 0.05907668117351615, 0.05907668117351615, 0.059084486991012215;
	(state1) 0.07692306280865446, 0.07692306284804228, 0.07692306398454844, 0.076923062868692, 0.07692306288947011, 0.07692306276008576, 0.07692306414943566, 0.07692306276008576, 0.07692306365344151, 0.07692306276150984, 0.07692306276008576, 0.07692306276008576, 0.0769232429958626;
	(state2) 0.052844624355425786, 0.05284369169070483, 0.15463388474844916, 0.05284374082050281, 0.05284398004463691, 0.05284367666925913, 0.15844136811937773, 0.05284367666925913, 0.10567888107174063, 0.05284368768962756, 0.05284367666925913, 0.05284367666925913, 0.10565143478249812;
	(state3) 0.07218211776504249, 0.07218211716085937, 0.07218214285062322, 0.0721821159800793, 0.07218211784706648, 0.0721821155826068, 0.07218211693872598, 0.0721821155826068, 0.1338134843176971, 0.07218211558718084, 0.0721821155826068, 0.0721821155826068, 0.07218320922229803;
	(state4) 0.289602550810645, 0.023223645264778138, 0.036337726328861016, 0.03542370698248656, 0.23987886107422557, 0.01159886627816083, 0.08491838172615968, 0.01159886627816083, 0.0708453100738664, 0.03455206914118659, 0.01159886627816083, 0.01159886627816083, 0.13882228348514752;
	(state5) 0.07692306280865446, 0.07692306284804228, 0.07692306398454844, 0.076923062868692, 0.07692306288947011, 0.07692306276008576, 0.07692306414943566, 0.07692306276008576, 0.07692306365344151, 0.07692306276150984, 0.07692306276008576, 0.07692306276008576, 0.0769232429958626;
	(state6) 0.7556846619178491, 0.10793200884418659, 0.05034299771839879, 0.006619806449489978, 0.035965248508798724, 0.0022029453720767583, 0.023596890986415934, 0.0022029453720767583, 0.00438893471748322, 0.00445180168964853, 0.0022029453720767583, 0.0022029453720767583, 0.002205867679422098;
	(state7) 0.06500047537890138, 0.04341698501434861, 0.11027410039523361, 0.043344401484746595, 0.45495796937483757, 0.021672131731958144, 0.0860147798458341, 0.021672131731958144, 0.04461821842160101, 0.021677360929426053, 0.021672131731958144, 0.021672131731958144, 0.044007182227238505;
	(state8) 0.07692306280865446, 0.07692306284804228, 0.07692306398454844, 0.076923062868692, 0.07692306288947011, 0.07692306276008576, 0.07692306414943566, 0.07692306276008576, 0.07692306365344151, 0.07692306276150984, 0.07692306276008576, 0.07692306276008576, 0.0769232429958626;
	(state9) 0.07692306280865446, 0.07692306284804228, 0.07692306398454844, 0.076923062868692, 0.07692306288947011, 0.07692306276008576, 0.07692306414943566, 0.07692306276008576, 0.07692306365344151, 0.07692306276150984, 0.07692306276008576, 0.07692306276008576, 0.0769232429958626;
}

probability ( d3_loss_activities | variable310 ) {
	(state0) 0.11740254634281876, 0.059076689284255426, 0.05907668285100048, 0.11808048974743175, 0.059076682882937444, 0.05907668117351617, 0.11813121351438786, 0.05907668117351617, 0.059076719139850936, 0.11468776336854529, 0.05907668117351617, 0.05907668117351617, 0.05908448817470761;
	(state1) 0.07692306284352053, 0.07692306288095668, 0.07692306277564998, 0.07692306280445893, 0.07692306276998344, 0.07692306276008576, 0.07692306536154488, 0.07692306276008576, 0.07692306359948266, 0.07692306295167349, 0.07692306276008576, 0.07692306276008576, 0.07692324297238644;
	(state2) 0.05284369494463881, 0.052843957880814765, 0.052844962653954206, 0.052843698430843924, 0.052843745897406175, 0.052843676669259126, 0.2602309579668198, 0.052843676669259126, 0.10567887895116078, 0.05284390916652279, 0.052843676669259126, 0.052843676669259126, 0.1056514874308021;
	(state3) 0.07218211716058358, 0.07218211665433681, 0.07218211771819337, 0.07218211570232289, 0.07218211590280164, 0.0721821155826068, 0.07218214342034034, 0.0721821155826068, 0.13381348392685902, 0.07218211790709782, 0.0721821155826068, 0.0721821155826068, 0.07218320927703728;
	(state4) 0.2381832192353219, 0.02444930276260741, 0.06436357326617376, 0.024621036180184148, 0.14237083175613932, 0.011598866278160834, 0.09655489273848927, 0.011598866278160834, 0.1302068249068476, 0.047410188933518775, 0.011598866278160834, 0.011598866278160834, 0.1854446651080746;
	(state5) 0.07692306284352053, 0.07692306288095668, 0.07692306277564998, 0.07692306280445893, 0.07692306276998344, 0.07692306276008576, 0.07692306536154488, 0.07692306276008576, 0.07692306359948266, 0.07692306295167349, 0.07692306276008576, 0.07692306276008576, 0.07692324297238644;
	(state6) 0.650921014941239, 0.16070619809856918, 0.06699642215498275, 0.017353978858677677, 0.047632168417898565, 0.0022029453720767583, 0.021508904479019816, 0.0022029453720767583, 0.017312759323253577, 0.006550792872128771, 0.0022029453720767583, 0.0022029453720767583, 0.0022059793659234927;
	(state7) 0.021673521010152366, 0.10709250950224562, 0.08752607299830063, 0.02169157008259646, 0.3706674304596963, 0.021672131731958144, 0.15143655806956854, 0.021672131731958144, 0.023006922353025285, 0.0649626820568153, 0.021672131731958144, 0.021672131731958144, 0.06525420653976693;
	(state8) 0.07692306284352053, 0.07692306288095668, 0.07692306277564998, 0.07692306280445893, 0.07692306276998344, 0.07692306276008576, 0.07692306536154488, 0.07692306276008576, 0.07692306359948266, 0.07692306295167349, 0.07692306276008576, 0.07692306276008576, 0.07692324297238644;
	(state9) 0.07692306284352053, 0.07692306288095668, 0.07692306277564998, 0.07692306280445893, 0.07692306276998344, 0.07692306276008576, 0.07692306536154488, 0.07692306276008576, 0.07692306359948266, 0.07692306295167349, 0.07692306276008576, 0.07692306276008576, 0.07692324297238644;
}

probability ( d3_anxiety | variable310 ) {
	(state0) 0.11813105510257339, 0.05907668184372493, 0.05908449284350167, 0.05907683491793745, 0.0590766871209689, 0.059076681173516166, 0.0590774756593268, 0.059076681173516166, 0.1180804901746517, 0.1146870157279716, 0.059076681173516166, 0.059076681173516166, 0.11740254191527898;
	(state1) 0.07692306398299639, 0.07692306276626491, 0.0769232429738459, 0.07692306282910683, 0.07692306410892429, 0.07692306276008576, 0.07692306370030993, 0.07692306276008576, 0.07692306280517047, 0.07692306286544694, 0.07692306276008576, 0.07692306276008576, 0.07692306292759124;
	(state2) 0.10182300981418672, 0.05284368109630487, 0.05293948535719321, 0.10565477824432153, 0.15847168619983848, 0.05284367666925913, 0.1583615731897185, 0.05284367666925913, 0.05284369755439184, 0.05284368256761441, 0.05284367666925913, 0.05284367666925913, 0.052843699299394;
	(state3) 0.07218214255179492, 0.07218211600069116, 0.07218320931738506, 0.07218211585287304, 0.07218211717877651, 0.0721821155826068, 0.13381348675851765, 0.0721821155826068, 0.07218211584109983, 0.07218211591787652, 0.0721821155826068, 0.0721821155826068, 0.07218211825055804;
	(state4) 0.30800410903330294, 0.0454658462566742, 0.046304265600801454, 0.03477061015246558, 0.0865066493396766, 0.011598866278160832, 0.09118326061272998, 0.011598866278160832, 0.10443079109651413, 0.08102722096243306, 0.011598866278160832, 0.011598866278160832, 0.15591178183275867;
	(state5) 0.07692306398299639, 0.07692306276626491, 0.0769232429738459, 0.07692306282910683, 0.07692306410892429, 0.07692306276008576, 0.07692306370030993, 0.07692306276008576, 0.07692306280517047, 0.07692306286544694, 0.07692306276008576, 0.07692306276008576, 0.07692306292759124;
	(state6) 0.6378756797139671, 0.15214486840803818, 0.06605739499496326, 0.008817236103105641, 0.06939871695861402, 0.0022029453720767587, 0.035646318638073556, 0.0022029453720767587, 0.006603676798514939, 0.0067468954549611, 0.0022029453720767587, 0.0022029453720767587, 0.007897431441455199;
	(state7) 0.12923091013622875, 0.10870421782030275, 0.08712087934958897, 0.06502459593112601, 0.17424889674410246, 0.02167213173195814, 0.21903500804572168, 0.02167213173195814, 0.021673015176545775, 0.02189355387014121, 0.02167213173195814, 0.02167213173195814, 0.08638039599840971;
	(state8) 0.07692306398299639, 0.07692306276626491, 0.0769232429738459, 0.07692306282910683, 0.07692306410892429, 0.07692306276008576, 0.07692306370030993, 0.07692306276008576, 0.07692306280517047, 0.07692306286544694, 0.07692306276008576, 0.07692306276008576, 0.07692306292759124;
	(state9) 0.07692306398299639, 0.07692306276626491, 0.0769232429738459, 0.07692306282910683, 0.07692306410892429, 0.07692306276008576, 0.07692306370030993, 0.07692306276008576, 0.07692306280517047, 0.07692306286544694, 0.07692306276008576, 0.07692306276008576, 0.07692306292759124;
}

probability ( d3_depression | variable310 ) {
	(state0) 0.0590768403636175, 0.05907668350501426, 0.059076681846654586, 0.11813101807833574, 0.05907668235275225, 0.059076681173516166, 0.05908531919419084, 0.059076681173516166, 0.1764063463423968, 0.11468701446249574, 0.059076681173516166, 0.059076681173516166, 0.05907668916047774;
	(state1) 0.07692306278965497, 0.0769230627623148, 0.07692306277393329, 0.07692306282076342, 0.07692306286204609, 0.07692306276008576, 0.0769232463644986, 0.07692306276008576, 0.07692306286146722, 0.07692306287064891, 0.07692306276008576, 0.07692306276008576, 0.0769230628543296;
	(state2) 0.1056548030095876, 0.0528436780812123, 0.052843691376993664, 0.05284378020961896, 0.10567378126684358, 0.05284367666925913, 0.26023439671579857, 0.05284367666925913, 0.05284369877397711, 0.0528437378996901, 0.05284367666925913, 0.05284367666925913, 0.05284372598924168;
	(state3) 0.07218211630335038, 0.07218211567515262, 0.0721821167285201, 0.07218211619668219, 0.07218211639423006, 0.0721821155826068, 0.1338146063037591, 0.0721821155826068, 0.07218211715401697, 0.07218211597809508, 0.0721821155826068, 0.0721821155826068, 0.07218211693576626;
	(state4) 0.26528518906396514, 0.02338797964187366, 0.07188349108269688, 0.03503362028318394, 0.11987447420516942, 0.011598866278160832, 0.1010364734452072, 0.011598866278160832, 0.05813644949637603, 0.07030544566611864, 0.011598866278160832, 0.011598866278160832, 0.2086614120027657;
	(state5) 0.07692306278965497, 0.0769230627623148, 0.07692306277393329, 0.07692306282076342, 0.07692306286204609, 0.07692306276008576, 0.0769232463644986, 0.07692306276008576, 0.07692306286146722, 0.07692306287064891, 0.07692306276008576, 0.07692306276008576, 0.0769230628543296;
	(state6) 0.6304587476432316, 0.154102581781072, 0.056839380509201426, 0.017463201991318508, 0.07635033583514558, 0.0022029453720767587, 0.03833259809414027, 0.0022029453720767587, 0.008815499812701948, 0.004397323372126249, 0.0022029453720767587, 0.0022029453720767587, 0.00442854947275539;
	(state7) 0.08538729873192913, 0.08735219397659695, 0.06503812150630116, 0.04448714925138039, 0.3035603122030536, 0.021672131731958148, 0.2191027528833666, 0.021672131731958148, 0.021672169798606353, 0.04336932928204079, 0.021672131731958148, 0.021672131731958148, 0.043342145438892594;
	(state8) 0.07692306278965497, 0.0769230627623148, 0.07692306277393329, 0.07692306282076342, 0.07692306286204609, 0.07692306276008576, 0.0769232463644986, 0.07692306276008576, 0.07692306286146722, 0.07692306287064891, 0.07692306276008576, 0.07692306276008576, 0.0769230628543296;
	(state9) 0.07692306278965497, 0.0769230627623148, 0.07692306277393329, 0.07692306282076342, 0.07692306286204609, 0.07692306276008576, 0.0769232463644986, 0.07692306276008576, 0.07692306286146722, 0.07692306287064891, 0.07692306276008576, 0.07692306276008576, 0.0769230628543296;
}

probability ( d3_flat_affect | variable310 ) {
	(state0) 0.23275300455788367, 0.05907668152427854, 0.059076683443847755, 0.05907668358997544, 0.05907668711268933, 0.059076681173516166, 0.05907759315167161, 0.059076681173516166, 0.11740257542716054, 0.05907668469611505, 0.059076681173516166, 0.059076681173516166, 0.05907668180231351;
	(state1) 0.07692324437690354, 0.07692306276201247, 0.0769230627626966, 0.07692306278816351, 0.07692306284495996, 0.07692306276008576, 0.07692306425228629, 0.07692306276008576, 0.07692306363616874, 0.07692306277406882, 0.07692306276008576, 0.07692306276008576, 0.07692306276239697;
	(state2) 0.10191956351466225, 0.052843684596004276, 0.05284392246172094, 0.052843696476347575, 0.1583858249888928, 0.05284367666925913, 0.21125210870453617, 0.05284367666925913, 0.05284912794266982, 0.05284367721051354, 0.05284367666925913, 0.05284367666925913, 0.052843687427616144;
	(state3) 0.07218324032596124, 0.07218211568591375, 0.07218211570393972, 0.07218211565527433, 0.07218211688924259, 0.07218211558260682, 0.07218211858604563, 0.07218211558260682, 0.13381348346954558, 0.07218211562670034, 0.07218211558260682, 0.07218211558260682, 0.07218211572694967;
	(state4) 0.4682702141763837, 0.03577605829347375, 0.05267850511138553, 0.04662748307508689, 0.11587634111745725, 0.011598866278160834, 0.0703351785589608, 0.011598866278160834, 0.07120060575846454, 0.023197149789305146, 0.011598866278160834, 0.011598866278160834, 0.06964299900683914;
	(state5) 0.07692324437690354, 0.07692306276201247, 0.0769230627626966, 0.07692306278816351, 0.07692306284495996, 0.07692306276008576, 0.07692306425228629, 0.07692306276008576, 0.07692306363616874, 0.07692306277406882, 0.07692306276008576, 0.07692306276008576, 0.07692306276239697;
	(state6) 0.7747035499038635, 0.11650102617320088, 0.023042457452604873, 0.006595703066053988, 0.042032587274180966, 0.0022029453720767587, 0.010783821575988034, 0.0022029453720767587, 0.01092969670003467, 0.0022029457982907343, 0.0022029453720767587, 0.0022029453720767587, 0.004396430567475403;
	(state7) 0.15370307209379663, 0.19572850295990388, 0.043310896666733975, 0.04303993613301147, 0.28026952755242446, 0.021672131731958144, 0.13096796351279869, 0.021672131731958144, 0.022946217221600246, 0.0216732148783093, 0.021672131731958144, 0.021672131731958144, 0.021672142053588726;
	(state8) 0.07692324437690354, 0.07692306276201247, 0.0769230627626966, 0.07692306278816351, 0.07692306284495996, 0.07692306276008576, 0.07692306425228629, 0.07692306276008576, 0.07692306363616874, 0.07692306277406882, 0.07692306276008576, 0.07692306276008576, 0.07692306276239697;
	(state9) 0.07692324437690354, 0.07692306276201247, 0.0769230627626966, 0.07692306278816351, 0.07692306284495996, 0.07692306276008576, 0.07692306425228629, 0.07692306276008576, 0.07692306363616874, 0.07692306277406882, 0.07692306276008576, 0.07692306276008576, 0.07692306276239697;
}

probability ( d3_loss_pleasure | variable310 ) {
	(state0) 0.11468720782490442, 0.11808048922594047, 0.05907668561240324, 0.11813101497641465, 0.05907668771197825, 0.059076681173516166, 0.05907668278613242, 0.059076681173516166, 0.1174025429089118, 0.05908524602023515, 0.059076681173516166, 0.059076681173516166, 0.05907671823901498;
	(state1) 0.07692306407065015, 0.07692306281314311, 0.07692306280458643, 0.07692306277730883, 0.07692306411769878, 0.07692306276008576, 0.07692306280134915, 0.07692306276008576, 0.07692306283892886, 0.07692324315538213, 0.07692306276008576, 0.07692306276008576, 0.07692306358060949;
	(state2) 0.15463379459595694, 0.10555607376929106, 0.052843713448697295, 0.05284374523608983, 0.10564283006756006, 0.052843676669259126, 0.05284373859570901, 0.052843676669259126, 0.052843710155653825, 0.052939622237537315, 0.052843676669259126, 0.052843676669259126, 0.15847806521646804;
	(state3) 0.07218214335523915, 0.07218211600490669, 0.0721821161143006, 0.07218211568610479, 0.07218211903540138, 0.07218211558260682, 0.07218211673342727, 0.07218211558260682, 0.0721821171667869, 0.07218321132794059, 0.07218211558260682, 0.07218211558260682, 0.1338134822454655;
	(state4) 0.3781750516986032, 0.011682321800499827, 0.02393638277267168, 0.03693026772048739, 0.1300821205506697, 0.011598866278160832, 0.09441772816223214, 0.011598866278160832, 0.10453990089665964, 0.08002608935749513, 0.011598866278160832, 0.011598866278160832, 0.09381467192803794;
	(state5) 0.07692306407065015, 0.07692306281314311, 0.07692306280458643, 0.07692306277730883, 0.07692306411769878, 0.07692306276008576, 0.07692306280134915, 0.07692306276008576, 0.07692306283892886, 0.07692324315538213, 0.07692306276008576, 0.07692306276008576, 0.07692306358060949;
	(state6) 0.7919460311123944, 0.09464859102151897, 0.03730821002462649, 0.008405557695626877, 0.025976189899320046, 0.0022029453720767587, 0.015133816531854352, 0.0022029453720767587, 0.008811137204141081, 0.004553204720775446, 0.0022029453720767587, 0.0022029453720767587, 0.004405480301435479;
	(state7) 0.044075955471803034, 0.21741389471337805, 0.06503183545793567, 0.021689953335618076, 0.34662836348603215, 0.021672131731958144, 0.0864703687179293, 0.021672131731958144, 0.02167342646147648, 0.08737484685650977, 0.021672131731958144, 0.021672131731958144, 0.022952828571484847;
	(state8) 0.07692306407065015, 0.07692306281314311, 0.07692306280458643, 0.07692306277730883, 0.07692306411769878, 0.07692306276008576, 0.07692306280134915, 0.07692306276008576, 0.07692306283892886, 0.07692324315538213, 0.07692306276008576, 0.07692306276008576, 0.07692306358060949;
	(state9) 0.07692306407065015, 0.07692306281314311, 0.07692306280458643, 0.07692306277730883, 0.07692306411769878, 0.07692306276008576, 0.07692306280134915, 0.07692306276008576, 0.07692306283892886, 0.07692324315538213, 0.07692306276008576, 0.07692306276008576, 0.07692306358060949;
}

probability ( d4_hallucination | variable310 ) {
	(state0) 0.23207509546620014, 0.05907759473515391, 0.05907668232743527, 0.05907668171422285, 0.11808048765815463, 0.059076681173516166, 0.059076683079221363, 0.059076681173516166, 0.059076681421275465, 0.059076683467139575, 0.059076681173516166, 0.059076681173516166, 0.059076685437132216;
	(state1) 0.07692324516817478, 0.07692306288304242, 0.07692306278982111, 0.07692306276843316, 0.07692306285218388, 0.07692306276008576, 0.0769230628129088, 0.07692306276008576, 0.07692306276020244, 0.07692306283582981, 0.07692306276008576, 0.07692306276008576, 0.07692306408906054;
	(state2) 0.15472384278397855, 0.10565471654354285, 0.10555662715991068, 0.05284367673829831, 0.052843702253494315, 0.05284367666925913, 0.10567351149120187, 0.05284367666925913, 0.05284367745049549, 0.052843681139643994, 0.05284367666925913, 0.05284367666925913, 0.1056418577623975;
	(state3) 0.13381460469351844, 0.07218211793424961, 0.07218211773275525, 0.07218211627607744, 0.07218211574634184, 0.07218211558260679, 0.07218211748754547, 0.07218211558260679, 0.07218211558340056, 0.07218211604203523, 0.07218211558260679, 0.07218211558260679, 0.07218211617364884;
	(state4) 0.6252807113084417, 0.06926220412346154, 0.04764485662800533, 0.023301336592981618, 0.025288905978468786, 0.01159886627816083, 0.04640339804433087, 0.01159886627816083, 0.046942659922387414, 0.023199326815789793, 0.01159886627816083, 0.01159886627816083, 0.046281135473489575;
