network Current LCM {
}

variable variable212 {
	type discrete[4] { state0, state1, state2, state3 };
}

variable scm1rue {
	type discrete[4] { 0, 1, 2, 3 };
}

variable scm1lue {
	type discrete[4] { 0, 1, 2, 3 };
}

variable scm2rue {
	type discrete[4] { 0, 1, 2, 3 };
}

variable scm2lue {
	type discrete[4] { 0, 1, 2, 3 };
}

variable scm3rue {
	type discrete[4] { 0, 1, 2, 3 };
}

variable scm3lue {
	type discrete[4] { 0, 1, 2, 3 };
}

variable scm4rue {
	type discrete[4] { 0, 1, 2, 3 };
}

variable scm4lue {
	type discrete[4] { 0, 1, 2, 3 };
}

variable scm5rise {
	type discrete[4] { 0, 1, 2, 3 };
}

variable scm6post {
	type discrete[4] { 0, 1, 2, 3 };
}

variable scm7gait {
	type discrete[4] { 0, 1, 2, 3 };
}

variable scm8spee {
	type discrete[4] { 0, 1, 2, 3 };
}

variable scm9free {
	type discrete[4] { 0, 1, 2, 3 };
}

variable scm10swa {
	type discrete[4] { 0, 1, 2, 3 };
}

variable scm11spe {
	type discrete[4] { 0, 1, 2, 3 };
}

variable scm12fee {
	type discrete[4] { 0, 1, 2, 3 };
}

variable scm13dre {
	type discrete[4] { 0, 1, 2, 3 };
}

variable scm14hyg {
	type discrete[4] { 0, 1, 2, 3 };
}

variable scm15cha {
	type discrete[4] { 0, 1, 2, 3 };
}

variable scm16wal {
	type discrete[4] { 0, 1, 2, 3 };
}

variable scm17han {
	type discrete[4] { 0, 1, 2, 3 };
}

variable scm18dpr {
	type discrete[4] { 0, 1, 2, 3 };
}

variable scm19dsv {
	type discrete[4] { 0, 1, 2, 3 };
}

variable scm20fpr {
	type discrete[4] { 0, 1, 2, 3 };
}

variable scm21fsv {
	type discrete[4] { 0, 1, 2, 3 };
}

probability ( variable212 ) {
	table 0.10938401883909808, 0.28495051113913394, 0.2541605645828035, 0.3515049054389644;
}

probability ( scm1rue | variable212 ) {
	(state0) 0.5573211447691759, 0.20882433123394264, 0.10992983740261476, 0.12392468659426654;
	(state1) 0.5647002635361051, 0.2763348047229154, 0.13855802826423427, 0.0204069034767452;
	(state2) 0.39864882503694055, 0.29627711970790044, 0.23599924394603458, 0.06907481130912439;
	(state3) 0.46773714390352167, 0.36024646811730926, 0.13408426333099283, 0.03793212464817627;
}

probability ( scm1lue | variable212 ) {
	(state0) 0.5163769111494299, 0.19103833602756806, 0.13933622884656316, 0.15324852397643896;
	(state1) 0.6091884438966602, 0.24313420623625695, 0.11698504973836411, 0.030692300128718715;
	(state2) 0.4182559584302875, 0.36794018679778, 0.19409066285305582, 0.019713191918876733;
	(state3) 0.5002607054541973, 0.36080461455715834, 0.11780565488842992, 0.021129025100214385;
}

probability ( scm2rue | variable212 ) {
	(state0) 0.5421344841794634, 0.23325249191939057, 0.13335371461599857, 0.09125930928514739;
	(state1) 0.5556421199287384, 0.3630071298816923, 0.06695624026791752, 0.014394509921651803;
	(state2) 0.38094232424940083, 0.4200781003540817, 0.1715496194020079, 0.027429955994509574;
	(state3) 0.4878781445772383, 0.396299056906198, 0.09703668384985437, 0.01878611466670947;
}

probability ( scm2lue | variable212 ) {
	(state0) 0.515960645073224, 0.22249924218879388, 0.13932794409621224, 0.12221216864176977;
	(state1) 0.6082168559827273, 0.2978444624542619, 0.0814621132107399, 0.012476568352270918;
	(state2) 0.4187176400051713, 0.45579941738781377, 0.11243994437244673, 0.013042998234568068;
	(state3) 0.5058355649342812, 0.3968702445289024, 0.08142303804964603, 0.015871152487170487;
}

probability ( scm3rue | variable212 ) {
	(state0) 0.046947071049417956, 0.23673466360527792, 0.5162543891937168, 0.20006387615158747;
	(state1) 0.33424350989074253, 0.5545697237373494, 0.10504952009126643, 0.006137246280641583;
	(state2) 0.14534258984899753, 0.42505086776904205, 0.3725806418369361, 0.05702590054502429;
	(state3) 0.18573027548975693, 0.5748036109910142, 0.22558739881069734, 0.013878714708531503;
}

probability ( scm3lue | variable212 ) {
	(state0) 0.06230113914867803, 0.12375215758371631, 0.4524633252240159, 0.3614833780435898;
	(state1) 0.3503272229547942, 0.4559404383368204, 0.18715333798271455, 0.006579000725670718;
	(state2) 0.12908499090490982, 0.4031693851617492, 0.4201889499759119, 0.04755667395742924;
	(state3) 0.13465520854429505, 0.5726403530443812, 0.2543845441782909, 0.038319894233032795;
}

probability ( scm4rue | variable212 ) {
	(state0) 0.0724330692251409, 0.2475644632793142, 0.5087629976129153, 0.17123946988262967;
	(state1) 0.29691365904898803, 0.5745783932613181, 0.12235683719527927, 0.00615111049441457;
	(state2) 0.16756852050601942, 0.3918476256725995, 0.42524143328685926, 0.015342420534521742;
	(state3) 0.15185024350976273, 0.5692178814919427, 0.25041708422612197, 0.02851479077217261;
}

probability ( scm4lue | variable212 ) {
	(state0) 0.07807885990936107, 0.17979641718220335, 0.4944356931210441, 0.24768902978739166;
	(state1) 0.36930102981585067, 0.4827496875066897, 0.13523986915993497, 0.012709413517524725;
	(state2) 0.1636718000749911, 0.42586049987217794, 0.4034962084024012, 0.00697149165042977;
	(state3) 0.20866945193489345, 0.516312364243724, 0.25038345242079035, 0.02463473140059232;
}

probability ( scm5rise | variable212 ) {
	(state0) 0.07945158493294507, 0.16727167527802306, 0.41216295558790206, 0.3411137842011299;
	(state1) 0.9033122241707999, 0.08353450941255068, 0.007023644048127846, 0.006129622368521597;
	(state2) 0.3333956366697673, 0.5162728174359529, 0.13656942818929968, 0.013762117704980327;
	(state3) 0.5379684447753939, 0.41035540919651625, 0.04668950962379646, 0.0049866364042932725;
}

probability ( scm6post | variable212 ) {
	(state0) 0.05115456076325055, 0.18840590461644657, 0.4968749146392349, 0.26356461998106795;
	(state1) 0.9127621810615366, 0.06858264081407024, 0.012525554557359684, 0.006129623567033579;
	(state2) 0.28433910975842397, 0.5074869490990974, 0.19530665518501192, 0.012867285957466596;
	(state3) 0.6249164223946206, 0.2924670592220685, 0.0769797000116127, 0.005636818371698252;
}

probability ( scm7gait | variable212 ) {
	(state0) 0.016193716266114523, 0.12839830731661364, 0.6537760431100083, 0.20163193330726373;
	(state1) 0.6780881125469689, 0.3035134701899148, 0.012268794894753896, 0.006129622368362245;
	(state2) 0.1076257680022562, 0.5951878646218377, 0.2903293410062475, 0.0068570263696585984;
	(state3) 0.18766390142583053, 0.7300312541934023, 0.07731843785157422, 0.004986406529193048;
}

probability ( scm8spee | variable212 ) {
	(state0) 0.02986721574082715, 0.18764971703137973, 0.7049322077554014, 0.07755085947239163;
	(state1) 0.6248205897373008, 0.33802338034388696, 0.01868658723238011, 0.018469442686431966;
	(state2) 0.08971267190253679, 0.721239704574057, 0.18182643138755472, 0.0072211921358515865;
	(state3) 0.1947496250954448, 0.740834948182191, 0.049786701630181424, 0.014628725092182831;
}

probability ( scm9free | variable212 ) {
	(state0) 0.1251781276884444, 0.12809127912140283, 0.452157879495159, 0.2945727136949937;
	(state1) 0.9391045157197151, 0.04049089738236503, 0.014274825158359346, 0.006129761739560591;
	(state2) 0.2288036819290788, 0.48062840163819487, 0.2562408254672297, 0.03432709096549681;
	(state3) 0.6898844425985081, 0.23955477497054728, 0.06058028146057118, 0.009980500970373375;
}

probability ( scm10swa | variable212 ) {
	(state0) 0.30064821645111073, 0.4005483768330984, 0.25227361687770117, 0.04652978983808967;
	(state1) 0.8810224224922208, 0.0936769871860409, 0.019170967954930618, 0.006129622366807633;
	(state2) 0.5052313386056837, 0.4082529802847484, 0.07965844812591366, 0.006857232983654122;
	(state3) 0.7090755286141196, 0.24110982836807116, 0.04482824980922726, 0.004986393208582024;
}

probability ( scm11spe | variable212 ) {
	(state0) 0.06097159163356794, 0.26345111444726843, 0.613536194626925, 0.062041099292238625;
	(state1) 0.7104133960362286, 0.2588979799201411, 0.012219158256554011, 0.018469465787076374;
	(state2) 0.14886350909004264, 0.6277523771498909, 0.21633730376946853, 0.0070468099905980665;
	(state3) 0.2865208544475401, 0.6294165469059999, 0.06930721278328901, 0.014755385863171034;
}

probability ( scm12fee | variable212 ) {
	(state0) 0.015534055264790883, 0.15622648449722812, 0.6277603716847115, 0.20047908855326943;
	(state1) 0.7928970328037025, 0.18152124890798244, 0.019449578848518646, 0.00613213943979656;
	(state2) 0.16658042776629922, 0.6812095359388952, 0.14530854330052081, 0.006901492994284564;
	(state3) 0.17128115059740132, 0.7378231919132272, 0.0855730048590773, 0.005322652630294189;
}

probability ( scm13dre | variable212 ) {
	(state0) 0.015533980925029474, 0.10032500145172664, 0.6359833067395436, 0.24815771088370034;
	(state1) 0.7122531597766113, 0.2631847240667129, 0.018432493789866236, 0.006129622366809465;
	(state2) 0.05817893457102302, 0.6432116949047448, 0.29175026811041666, 0.00685910241381548;
	(state3) 0.04146292311399014, 0.8416546695960182, 0.11189598734478809, 0.004986419945203577;
}

probability ( scm14hyg | variable212 ) {
	(state0) 0.0155341336918193, 0.13567141677001518, 0.6161469115493196, 0.23264753798884585;
	(state1) 0.7453568006451117, 0.24203641651279353, 0.006477160475285304, 0.006129622366809467;
	(state2) 0.09336415433530361, 0.6972832186466389, 0.20249352410069432, 0.006859102917363302;
	(state3) 0.09366068340457538, 0.8430786193036547, 0.05827427734632604, 0.004986419945443977;
}

probability ( scm15cha | variable212 ) {
	(state0) 0.029870732416753955, 0.08335037373632397, 0.589651669637006, 0.29712722420991616;
	(state1) 0.8246023055408872, 0.16271569464730481, 0.006552377444999979, 0.006129622366808064;
	(state2) 0.08690572485443179, 0.6016294404063728, 0.2988270982826236, 0.012637736456571796;
	(state3) 0.14895612261210933, 0.7745848834649216, 0.07147256062065174, 0.0049864333023173415;
}

probability ( scm16wal | variable212 ) {
	(state0) 0.03056419099596445, 0.07177665338503213, 0.6496046295411778, 0.24805452607782574;
	(state1) 0.6983181093621035, 0.28941192251005887, 0.006140345759477049, 0.0061296223683606245;
	(state2) 0.06582390699382158, 0.6990008822902724, 0.22827045700855875, 0.006904753707347256;
	(state3) 0.10224411567321957, 0.8387907932269277, 0.05397869601669125, 0.004986395083161517;
}

probability ( scm17han | variable212 ) {
	(state0) 0.015510188231716671, 0.18369808782830097, 0.4537586313546178, 0.34703309258536463;
	(state1) 0.38184889493512275, 0.5587408182290596, 0.041171757156553565, 0.01823852967926403;
	(state2) 0.019127190764860354, 0.558028232835701, 0.3778834500149808, 0.04496112638445763;
	(state3) 0.09930331881194175, 0.6712693994883573, 0.21899112820259106, 0.010436153497109765;
}

probability ( scm18dpr | variable212 ) {
	(state0) 0.4607160196009031, 0.1937486209059233, 0.20580882107612264, 0.13972653841705102;
	(state1) 0.8837388459475517, 0.0850467981676216, 0.012617307045666711, 0.018597048839159906;
	(state2) 0.18022355567567824, 0.5336377358472464, 0.18558981720477105, 0.10054889127230444;
	(state3) 0.8668211568421389, 0.09877436178013255, 0.02795478011690752, 0.006449701260821077;
}

probability ( scm19dsv | variable212 ) {
	(state0) 0.4607900947782514, 0.14771800345954414, 0.2505038109475653, 0.14098809081463928;
	(state1) 0.8958502762896393, 0.07847601711131251, 0.01340639614977682, 0.012267310449271228;
	(state2) 0.19161411802758233, 0.48937652493067135, 0.2376916568413059, 0.08131770020044049;
	(state3) 0.8586342936177843, 0.10124122151648018, 0.02990530334188943, 0.01021918152384594;
}

probability ( scm20fpr | variable212 ) {
	(state0) 0.15960599400069025, 0.2143140883773053, 0.3712466243727693, 0.25483329324923526;
	(state1) 0.8737138667119275, 0.10732580116533638, 0.012830709644230545, 0.006129622478505578;
	(state2) 0.010026439063467741, 0.5639229324771008, 0.3881784135853344, 0.03787221487409708;
	(state3) 0.562005222197419, 0.39607649244558074, 0.036698990671128646, 0.005219294685871582;
}

probability ( scm21fsv | variable212 ) {
	(state0) 0.15960328762658538, 0.16054389221089413, 0.30812495049151717, 0.3717278696710034;
	(state1) 0.886495698794907, 0.094690175243001, 0.012681969426087476, 0.006132156536004553;
	(state2) 0.009766511233666075, 0.43626033635383593, 0.5047043245782817, 0.04926882783421617;
	(state3) 0.576729173029725, 0.3319826981372168, 0.08207530697643853, 0.00921282185661971;
}

