network Current LCM {
}

variable variable391 {
	type discrete[5] { state0, state1, state2, state3, state4 };
}

variable scm1rue {
	type discrete[4] { s0, s1, s2, s3 };
}

variable scm1lue {
	type discrete[4] { s0, s1, s2, s3 };
}

variable scm2rue {
	type discrete[4] { s0, s1, s2, s3 };
}

variable scm2lue {
	type discrete[4] { s0, s1, s2, s3 };
}

variable scm3rue {
	type discrete[4] { s0, s1, s2, s3 };
}

variable scm3lue {
	type discrete[4] { s0, s1, s2, s3 };
}

variable scm4rue {
	type discrete[4] { s0, s1, s2, s3 };
}

variable scm4lue {
	type discrete[4] { s0, s1, s2, s3 };
}

variable scm5rise {
	type discrete[4] { s0, s1, s2, s3 };
}

variable scm6post {
	type discrete[4] { s0, s1, s2, s3 };
}

variable scm7gait {
	type discrete[4] { s0, s1, s2, s3 };
}

variable scm8spee {
	type discrete[4] { s0, s1, s2, s3 };
}

variable scm9free {
	type discrete[4] { s0, s1, s2, s3 };
}

variable scm10swa {
	type discrete[4] { s0, s1, s2, s3 };
}

variable scm11spe {
	type discrete[4] { s0, s1, s2, s3 };
}

variable scm12fee {
	type discrete[4] { s0, s1, s2, s3 };
}

variable scm13dre {
	type discrete[4] { s0, s1, s2, s3 };
}

variable scm14hyg {
	type discrete[4] { s0, s1, s2, s3 };
}

variable scm15cha {
	type discrete[4] { s0, s1, s2, s3 };
}

variable scm16wal {
	type discrete[4] { s0, s1, s2, s3 };
}

variable scm17han {
	type discrete[4] { s0, s1, s2, s3 };
}

variable scm18dpr {
	type discrete[4] { s0, s1, s2, s3 };
}

variable scm19dsv {
	type discrete[4] { s0, s1, s2, s3 };
}

variable scm20fpr {
	type discrete[4] { s0, s1, s2, s3 };
}

variable scm21fsv {
	type discrete[4] { s0, s1, s2, s3 };
}

probability ( variable391 ) {
	table 0.11420289093761542, 0.27489488802129075, 0.176550295161506, 0.1301951447124266, 0.30415678116716116;
}

probability ( scm1rue | variable391 ) {
	(state0) 0.5217953557216991, 0.19221736519649804, 0.15730305029874733, 0.12868422878305555;
	(state1) 0.5794532435145808, 0.2633008958014326, 0.13792708813999338, 0.019318772543993206;
	(state2) 0.8286218668849643, 0.1217129360588968, 0.03736872856886182, 0.012296468487277066;
	(state3) 0.06048972471480087, 0.4193883227133532, 0.39311704030104055, 0.1270049122708053;
	(state4) 0.49230124993979874, 0.347175533556028, 0.14531185989309617, 0.01521135661107706;
}

probability ( scm1lue | variable391 ) {
	(state0) 0.5751651681581456, 0.136470031418983, 0.13951029058649012, 0.14885450983638132;
	(state1) 0.6167967379603815, 0.24832150373732928, 0.10658202724416166, 0.028299731058127546;
	(state2) 0.7594908082387416, 0.1989058356842958, 0.03537477939042988, 0.00622857668653273;
	(state3) 0.1161085357743557, 0.4777609909766931, 0.330075913449099, 0.07605455979985218;
	(state4) 0.5084850292535712, 0.3331657455515049, 0.140510593298871, 0.017838631896052847;
}

probability ( scm2rue | variable391 ) {
	(state0) 0.544485952852589, 0.26101990894759886, 0.11165231293015565, 0.08284182526965643;
	(state1) 0.58364667190075, 0.32572747513149947, 0.07545510382703817, 0.01517074914071226;
	(state2) 0.7500655224822663, 0.21906986840428844, 0.012460426015597631, 0.01840418309784738;
	(state3) 0.051274667383175106, 0.54704980250485, 0.35818105411418777, 0.043494475997787004;
	(state4) 0.5117627932811329, 0.40439164517991794, 0.07596263106540249, 0.007882930473546709;
}

probability ( scm2lue | variable391 ) {
	(state0) 0.5387015193812639, 0.22960467277095414, 0.1300003091505128, 0.10169349869726928;
	(state1) 0.6157519441663337, 0.29918654007381773, 0.07077349371828398, 0.014288022041564534;
	(state2) 0.6722413739104608, 0.29694502817152485, 0.018907449543048703, 0.01190614837496562;
	(state3) 0.13935039080803385, 0.5612896238205828, 0.2473245511002104, 0.052035434271172964;
	(state4) 0.513838082580567, 0.40309667710715147, 0.07789117963591875, 0.005174060676362846;
}

probability ( scm3rue | variable391 ) {
	(state0) 0.04042664819530266, 0.17737467864788026, 0.4900952401240052, 0.2921034330328118;
	(state1) 0.34357153158684356, 0.5539057641039546, 0.09454193959771831, 0.007980764711483516;
	(state2) 0.30550009317014354, 0.5598596174751882, 0.11614622763187749, 0.018494061722790705;
	(state3) 0.04177586260235768, 0.2606836865016573, 0.6159905608510136, 0.0815498900449714;
	(state4) 0.18711076674743965, 0.5587132422678324, 0.24621191839922646, 0.007964072585501492;
}

probability ( scm3lue | variable391 ) {
	(state0) 0.05925237482365597, 0.11009817370903506, 0.42436034749074236, 0.40628910397656665;
	(state1) 0.36699002588853313, 0.4550439425309814, 0.1656650757842972, 0.012300955796188208;
	(state2) 0.21935068990976203, 0.4831914847047565, 0.27776726509750754, 0.019690560287974043;
	(state3) 0.017576828543399245, 0.38760084251026145, 0.526017578906247, 0.06880475004009232;
	(state4) 0.14030810252253634, 0.5121864426638071, 0.30293870346089724, 0.0445667513527593;
}

probability ( scm4rue | variable391 ) {
	(state0) 0.06140108963762008, 0.24772345071446683, 0.4925564165900972, 0.19831904305781586;
	(state1) 0.3269557707411704, 0.5617428511992691, 0.10326558722779688, 0.008035790831763498;
	(state2) 0.3207603218430394, 0.5411128517107102, 0.12569815753513114, 0.01242866891111935;
	(state3) 0.039607425063013686, 0.29058432394106865, 0.6285803590631109, 0.04122789193280678;
	(state4) 0.157298194751089, 0.6020377121532201, 0.2263229035912396, 0.014341189504451415;
}

probability ( scm4lue | variable391 ) {
	(state0) 0.08611932094347644, 0.18579434414160195, 0.46341783466792635, 0.2646685002469953;
	(state1) 0.3916488649187924, 0.4781096500847915, 0.11990714402886525, 0.01033434096755092;
	(state2) 0.3049151122040314, 0.4846712841404093, 0.19795767317782567, 0.012455930477733594;
	(state3) 0.03460836082343209, 0.44216815516052155, 0.4982027613123455, 0.02502072270370092;
	(state4) 0.18728727710818652, 0.5135383426522812, 0.2836184850050188, 0.015555895234513378;
}

probability ( scm5rise | variable391 ) {
	(state0) 0.05445494158244448, 0.09253319770502197, 0.4226206741131256, 0.43039118659940795;
	(state1) 0.891546062235332, 0.10008153278460999, 0.0043876298269113065, 0.003984775153146718;
	(state2) 0.5236756676166613, 0.3764236985697445, 0.07941523510490803, 0.0204853987086863;
	(state3) 0.14845508776030053, 0.6205619497606037, 0.22226427565689016, 0.008718686822205538;
	(state4) 0.49989001748815765, 0.4372186613958273, 0.0592856520339396, 0.0036056690820752157;
}

probability ( scm6post | variable391 ) {
	(state0) 0.0377322452920349, 0.08487781970677141, 0.5667727619908628, 0.31061717301033076;
	(state1) 0.918311634172195, 0.05773877033809946, 0.019964814858630907, 0.00398478063107463;
	(state2) 0.3992912859562563, 0.4074861472259495, 0.18352129721116978, 0.00970126960662435;
	(state3) 0.14476650473179095, 0.5731919769697014, 0.2733703464550303, 0.008671171843477456;
	(state4) 0.5672463217455168, 0.3366340249355157, 0.08727585410479431, 0.008843799214173236;
}

probability ( scm7gait | variable391 ) {
	(state0) 0.010000088653376628, 0.06214509047008878, 0.7112388254915347, 0.2166159953849998;
	(state1) 0.6719810231483379, 0.31606208370504735, 0.007972117994600137, 0.003984775152014482;
	(state2) 0.22411475466555708, 0.5780843444519536, 0.19163455052059283, 0.0061663503618965025;
	(state3) 0.020066300470544213, 0.6197941474308674, 0.351538820337928, 0.008600731760660512;
	(state4) 0.14971654960738587, 0.784770842317102, 0.061907041157571785, 0.0036055669179401173;
}

probability ( scm8spee | variable391 ) {
	(state0) 0.009437800805438953, 0.18404505420627074, 0.6556223600944717, 0.15089478489381855;
	(state1) 0.6787738865561441, 0.29817496989306097, 0.015059223088152695, 0.007991920462642172;
	(state2) 0.18876897580337296, 0.6565782769967253, 0.13239498504487188, 0.022257762155029902;
	(state3) 0.08305435197591415, 0.7751596386620893, 0.1334539812534805, 0.008332028108516193;
	(state4) 0.20922152060029658, 0.7347221061995104, 0.05106946513080309, 0.004986908069389905;
}

probability ( scm9free | variable391 ) {
	(state0) 0.11066712494284735, 0.15931391369472786, 0.45641419085187585, 0.27360477051054904;
	(state1) 0.9372596471125226, 0.045284258307735845, 0.01344881135605199, 0.004007283223689468;
	(state2) 0.34260716400148483, 0.3755463784652221, 0.24006252712943146, 0.0417839304038617;
	(state3) 0.294272497590512, 0.43909215568075965, 0.24884260580963669, 0.01779274091909167;
	(state4) 0.6995847904907401, 0.25214530646671063, 0.04442286875748251, 0.0038470342850667988;
}

probability ( scm10swa | variable391 ) {
	(state0) 0.24351325397100512, 0.4137781910877907, 0.28346676216932826, 0.05924179277187594;
	(state1) 0.8786087035156721, 0.10494283316477468, 0.012463688173026474, 0.003984775146526697;
	(state2) 0.6329633278773369, 0.2705433172722647, 0.08589406390821935, 0.010599290942179058;
	(state3) 0.40367077783209887, 0.4763812015756345, 0.11164485504716974, 0.008303165545096957;
	(state4) 0.6972422577001628, 0.25430138618383813, 0.04485079598096029, 0.0036055601350386975;
}

probability ( scm11spe | variable391 ) {
	(state0) 0.03733072277963147, 0.26049925746812835, 0.5889764708844258, 0.11319354886781435;
	(state1) 0.7782592838923521, 0.20583109652246118, 0.00791768305049975, 0.007991936534686989;
	(state2) 0.2239417228495044, 0.5856837106772143, 0.17221029396970697, 0.018164272503574292;
	(state3) 0.1818528952115416, 0.6778470151534106, 0.13199455715402697, 0.008305532481020804;
	(state4) 0.3082700160139238, 0.6348180191960665, 0.049530622181373496, 0.007381342608636163;
}

probability ( scm12fee | variable391 ) {
	(state0) 0.01874103478105001, 0.13084331183615097, 0.6617511112900003, 0.18866454209279865;
	(state1) 0.7593834686983499, 0.22131721739119004, 0.015313605491381055, 0.003985708419079008;
	(state2) 0.345466193974869, 0.5251213093015438, 0.12324880664837067, 0.006163690075216587;
	(state3) 0.03119143382276067, 0.6807470224252193, 0.2631685605428083, 0.024892983209211576;
	(state4) 0.13569209859954048, 0.7982779642305959, 0.062420096880334404, 0.00360984028952914;
}

probability ( scm13dre | variable391 ) {
	(state0) 0.016873060934969607, 0.05790665417546929, 0.651679902039137, 0.2735403828504242;
	(state1) 0.6512993530231747, 0.3327116284027383, 0.012004243427558233, 0.003984775146528775;
	(state2) 0.17593088301278154, 0.6088030235935984, 0.20909432393145455, 0.006171769462165486;
	(state3) 0.008592466366167771, 0.54568572899713, 0.437416282935488, 0.008305521701214348;
	(state4) 0.040328106400439816, 0.8648586212555207, 0.0912074782314451, 0.003605794112594315;
}

probability ( scm14hyg | variable391 ) {
	(state0) 0.016873063519131384, 0.09758593643146368, 0.6214336039700864, 0.26410739607931866;
	(state1) 0.6867139698385041, 0.3053078177454777, 0.003993437269489528, 0.0039847751465287755;
	(state2) 0.20636235197033548, 0.6609957618174858, 0.1264701167146655, 0.006171769497513202;
	(state3) 0.0313066873424, 0.6502523303416827, 0.3101354570710849, 0.00830552524483242;
	(state4) 0.07796817607542506, 0.8814763448209969, 0.0369496849909452, 0.003605794112632903;
}

probability ( scm15cha | variable391 ) {
	(state0) 0.00943772633177309, 0.06119871042906452, 0.616940324973197, 0.31242323826596535;
	(state1) 0.7803686126692907, 0.21114270707812938, 0.004503905099501163, 0.003984775153078786;
	(state2) 0.1363662137386665, 0.5498929362541969, 0.2890841762440375, 0.024656673763099105;
	(state3) 0.051976150500166275, 0.5500253395213723, 0.3657891176243017, 0.03220939235415963;
	(state4) 0.13981261904033498, 0.8042663806968182, 0.05231536213824709, 0.0036056381245997034;
}

probability ( scm16wal | variable391 ) {
	(state0) 0.010007672577776737, 0.05060865355187479, 0.6566452865955514, 0.282738387274797;
	(state1) 0.6699896800496414, 0.3179623815405694, 0.008063162313814527, 0.003984776095974741;
	(state2) 0.1192758594741667, 0.658245031875107, 0.21615162909690494, 0.006327479553821408;
	(state3) 0.03312086621073649, 0.7124673692715557, 0.24598107991296128, 0.008430684604746379;
	(state4) 0.0881935552960257, 0.8337306174863063, 0.0709200987782404, 0.0071557284394276055;
}

probability ( scm17han | variable391 ) {
	(state0) 0.018866038558351183, 0.14234943116659887, 0.5187045443489211, 0.32007998592612885;
	(state1) 0.39381731493809935, 0.5499003802354626, 0.03990092286559669, 0.016381381960841202;
	(state2) 0.08274729042882417, 0.6274439839859314, 0.25232917965527163, 0.03747954592997286;
	(state3) 0.017042341464798747, 0.5591793926788492, 0.381460541685523, 0.04231772417082919;
	(state4) 0.11787069708980367, 0.6733813961981958, 0.1951209374546856, 0.01362696925731484;
}

probability ( scm18dpr | variable391 ) {
	(state0) 0.39700721435272973, 0.1871136490159124, 0.2834147620005638, 0.1324643746307942;
	(state1) 0.9116839550188827, 0.07203698016606414, 0.008059052483137935, 0.008220012331915173;
	(state2) 0.1338560127832585, 0.5024320419766829, 0.24825904738705418, 0.11545289785300446;
	(state3) 0.27997272641429094, 0.4983036458450026, 0.170630358264455, 0.05109326947625151;
	(state4) 0.8858296099024717, 0.09573971275198868, 0.014792849909453815, 0.003637827436085818;
}

probability ( scm19dsv | variable391 ) {
	(state0) 0.39701370418683096, 0.15981164938056197, 0.2754796224293781, 0.167695024003229;
	(state1) 0.9149677304848528, 0.07131524071453096, 0.009446412673718648, 0.00427061612689773;
	(state2) 0.16805366180188142, 0.4523273623142787, 0.30596098161693125, 0.07365799426690844;
	(state3) 0.27888868068016587, 0.45724245127279184, 0.18765446210139988, 0.07621440594564252;
	(state4) 0.8849544574771356, 0.09988641713142671, 0.011478211699197298, 0.003680913692240337;
}

probability ( scm20fpr | variable391 ) {
	(state0) 0.15801079591065348, 0.17956566925782486, 0.4179686333147789, 0.24445490151674282;
	(state1) 0.8670024594110136, 0.11260426677908893, 0.016408498602731626, 0.003984775207165779;
	(state2) 0.05834877695279362, 0.5715752743412678, 0.344278016565129, 0.025797932140809762;
	(state3) 0.09831148182617667, 0.5168811423587454, 0.35809803049820205, 0.026709345316875965;
	(state4) 0.5926210874364042, 0.3667473915844081, 0.03456462538789259, 0.006066895591295114;
}

probability ( scm21fsv | variable391 ) {
	(state0) 0.16744163260629896, 0.11860088557156627, 0.3381823315899826, 0.37577515023215213;
	(state1) 0.8798642701396261, 0.10338950954488217, 0.012760489544907442, 0.0039857307705843635;
	(state2) 0.05169725612730149, 0.4325623133138963, 0.4512856468024669, 0.06445478375633536;
	(state3) 0.08731260467410547, 0.440761119564431, 0.4267633677021797, 0.04516290805928387;
	(state4) 0.6148902842271216, 0.3144582883828473, 0.06608486439868805, 0.004566562991343192;
}

