network Current LCM {
}

variable variable33 {
	type discrete[3] { state0, state1, state2 };
}

variable scm1rue {
	type discrete[4] { s0, s1, s2, s3 };
}

variable scm1lue {
	type discrete[4] { s0, s1, s2, s3 };
}

variable scm2rue {
	type discrete[4] { s0, s1, s2, s3 };
}

variable scm2lue {
	type discrete[4] { s0, s1, s2, s3 };
}

variable scm3rue {
	type discrete[4] { s0, s1, s2, s3 };
}

variable scm3lue {
	type discrete[4] { s0, s1, s2, s3 };
}

variable scm4rue {
	type discrete[4] { s0, s1, s2, s3 };
}

variable scm4lue {
	type discrete[4] { s0, s1, s2, s3 };
}

variable scm5rise {
	type discrete[4] { s0, s1, s2, s3 };
}

variable scm6post {
	type discrete[4] { s0, s1, s2, s3 };
}

variable scm7gait {
	type discrete[4] { s0, s1, s2, s3 };
}

variable scm8spee {
	type discrete[4] { s0, s1, s2, s3 };
}

variable scm9free {
	type discrete[4] { s0, s1, s2, s3 };
}

variable scm10swa {
	type discrete[4] { s0, s1, s2, s3 };
}

variable scm11spe {
	type discrete[4] { s0, s1, s2, s3 };
}

variable scm12fee {
	type discrete[4] { s0, s1, s2, s3 };
}

variable scm13dre {
	type discrete[4] { s0, s1, s2, s3 };
}

variable scm14hyg {
	type discrete[4] { s0, s1, s2, s3 };
}

variable scm15cha {
	type discrete[4] { s0, s1, s2, s3 };
}

variable scm16wal {
	type discrete[4] { s0, s1, s2, s3 };
}

variable scm17han {
	type discrete[4] { s0, s1, s2, s3 };
}

variable scm18dpr {
	type discrete[4] { s0, s1, s2, s3 };
}

variable scm19dsv {
	type discrete[4] { s0, s1, s2, s3 };
}

variable scm20fpr {
	type discrete[4] { s0, s1, s2, s3 };
}

variable scm21fsv {
	type discrete[4] { s0, s1, s2, s3 };
}

probability ( variable33 ) {
	table 0.3975528639493605, 0.1576690337994483, 0.4447781022511913;
}

probability ( scm1rue | variable33 ) {
	(state0) 0.6077660674080528, 0.24947314697698486, 0.13556462960101312, 0.007196156013949111;
	(state1) 0.3890426907004323, 0.1948656018588821, 0.2462094844967417, 0.16988222294394387;
	(state2) 0.6085684409478584, 0.22718852260565633, 0.14922295502891156, 0.015020081417573865;
}

probability ( scm1lue | variable33 ) {
	(state0) 0.6182267526841795, 0.22618086255506162, 0.12919906169756498, 0.026393323063193933;
	(state1) 0.5291496999059868, 0.12464241281086051, 0.18783369240144657, 0.15837419488170615;
	(state2) 0.5542282291541946, 0.2867193333763407, 0.1247731679558798, 0.03427926951358482;
}

probability ( scm2rue | variable33 ) {
	(state0) 0.6060790632977011, 0.3055187543010392, 0.0812060263876691, 0.007196156013590598;
	(state1) 0.45335237504198433, 0.28865322216750156, 0.13568001889447603, 0.12231438389603805;
	(state2) 0.5606923542275047, 0.32952012136436837, 0.10309876080936968, 0.006688763598757112;
}

probability ( scm2lue | variable33 ) {
	(state0) 0.5985074807128542, 0.32288282112863737, 0.06421738299818289, 0.01439231516032572;
	(state1) 0.4587850840306401, 0.26660562568385626, 0.1689382248587345, 0.10567106542676917;
	(state2) 0.5010132278810183, 0.38652361951225084, 0.09321986382586955, 0.019243288780861276;
}

probability ( scm3rue | variable33 ) {
	(state0) 0.357117835619512, 0.5297855411829722, 0.09869228544971667, 0.014404337747799196;
	(state1) 0.05291845156207745, 0.14059251012405102, 0.468461570920984, 0.33802746739288747;
	(state2) 0.19573679466113314, 0.4666013208362651, 0.3134419364070771, 0.024219948095524566;
}

probability ( scm3lue | variable33 ) {
	(state0) 0.3498298766314339, 0.43789903401068825, 0.17879715305868502, 0.03347393629919276;
	(state1) 0.07036079139186273, 0.12325867794308273, 0.4178100944425567, 0.3885704362224978;
	(state2) 0.11205575698377954, 0.4585783397832778, 0.3892029693167838, 0.0401629339161589;
}

probability ( scm4rue | variable33 ) {
	(state0) 0.3802167159431542, 0.5303696774675737, 0.07502129013326841, 0.014392316456003668;
	(state1) 0.08772225444192558, 0.23642554689897896, 0.48060344385677417, 0.19524875480232126;
	(state2) 0.16227096906401517, 0.5856345977300994, 0.23348947405557127, 0.018604959150314255;
}

probability ( scm4lue | variable33 ) {
	(state0) 0.40226221490908765, 0.45425560701734036, 0.1362860127384396, 0.007196165335132312;
	(state1) 0.12267619368840753, 0.25126057838670374, 0.38011430125791307, 0.2459489266669758;
	(state2) 0.13614061363401248, 0.5323357327868916, 0.3121837316862001, 0.019339921892895708;
}

probability ( scm5rise | variable33 ) {
	(state0) 0.7849384754539622, 0.1909796684438121, 0.016885465441156617, 0.007196390661069159;
	(state1) 0.07026901015302145, 0.05509730996415054, 0.43566450757912445, 0.4389691723037036;
	(state2) 0.32829136211151033, 0.5307356175377507, 0.12799799968638378, 0.012975020664355281;
}

probability ( scm6post | variable33 ) {
	(state0) 0.8003979426840011, 0.16349685096528266, 0.028909046835697488, 0.007196159515018898;
	(state1) 0.054252327524567504, 0.08148820037537072, 0.5656138728152937, 0.298645599284768;
	(state2) 0.27519122475632685, 0.45541592800995107, 0.25649748312351767, 0.012895364110204458;
}

probability ( scm7gait | variable33 ) {
	(state0) 0.5341663185666652, 0.44705070067042435, 0.011586824612486864, 0.0071961561504237164;
	(state1) 0.017568451666918648, 0.08409131633050679, 0.7050982229705335, 0.193242009032041;
	(state2) 0.0758832173318716, 0.7484151070739926, 0.16925402298714406, 0.006447652606991713;
}

probability ( scm8spee | variable33 ) {
	(state0) 0.6755260137628137, 0.2833751649387329, 0.03390266528486279, 0.007196156013590516;
	(state1) 0.017986822895333553, 0.2659802688674913, 0.505221355642185, 0.2108115525949902;
	(state2) 0.1360479987201788, 0.802512224483857, 0.05499281892437799, 0.006446957871586256;
}

probability ( scm9free | variable33 ) {
	(state0) 0.859433474996599, 0.10424231122982268, 0.02195001392367067, 0.014374199849907681;
	(state1) 0.1147059646838399, 0.217549887500963, 0.4744900435341151, 0.193254104281082;
	(state2) 0.48377991829392797, 0.348972870785273, 0.1543409038360004, 0.012906307084798764;
}

probability ( scm10swa | variable33 ) {
	(state0) 0.8331260619575713, 0.12441905893948187, 0.035258723089333005, 0.007196156013613778;
	(state1) 0.15656882383751408, 0.40428058026258124, 0.3513133908010467, 0.08783720509885798;
	(state2) 0.5757948064323922, 0.35262786605328045, 0.0651300771921594, 0.006447250322167895;
}

probability ( scm11spe | variable33 ) {
	(state0) 0.7862314366673422, 0.1798608564774357, 0.026711550841631574, 0.007196156013590516;
	(state1) 0.04834961008406599, 0.33548218318570483, 0.4580593561148461, 0.15810885061538307;
	(state2) 0.21913327243035557, 0.7279118087812826, 0.046508052023563486, 0.006446866764798335;
}

probability ( scm12fee | variable33 ) {
	(state0) 0.5637499466751417, 0.4164365105884346, 0.01261738645942076, 0.007196156277002927;
	(state1) 0.03528982374941011, 0.14348570685093937, 0.6631086357626766, 0.15811583363697376;
	(state2) 0.1460265304058082, 0.689576788663565, 0.15150551026635167, 0.012891170664275083;
}

probability ( scm13dre | variable33 ) {
	(state0) 0.4507587134221104, 0.5346567599902219, 0.007388370574077114, 0.007196156013590516;
	(state1) 0.019877803709776556, 0.035216791423651424, 0.6989583074459789, 0.24594709742059315;
	(state2) 0.06594938774831935, 0.6943134366500898, 0.2332903075147049, 0.006446868086886022;
}

probability ( scm14hyg | variable33 ) {
	(state0) 0.49045999820761954, 0.49312108566631285, 0.009222760112477255, 0.007196156013590519;
	(state1) 0.019877800085955417, 0.08925909661727578, 0.6449160058761756, 0.24594709742059315;
	(state2) 0.06906314323143542, 0.8148420284613177, 0.10964796022036095, 0.006446868086886022;
}

probability ( scm15cha | variable33 ) {
	(state0) 0.5395497841264449, 0.4305839816519871, 0.022669547968088153, 0.007196686253479758;
	(state1) 0.017567650304188182, 0.08886160559834826, 0.6117877683913417, 0.28178297570612165;
	(state2) 0.07106059138304094, 0.6453730808907204, 0.25158956157637735, 0.03197676614986116;
}

probability ( scm16wal | variable33 ) {
	(state0) 0.48031828146566524, 0.4832333673459572, 0.02925147745740493, 0.00719687373097261;
	(state1) 0.017568107457893504, 0.07920550508411825, 0.6397143596916113, 0.263512027766377;
	(state2) 0.033868398003711886, 0.7564740728934897, 0.1967634392091289, 0.012894089893669495;
}

probability ( scm17han | variable33 ) {
	(state0) 0.3501094168375502, 0.5730954838626783, 0.05631669007058447, 0.020478409229187058;
	(state1) 0.03528630250358244, 0.15437198519078496, 0.5644545483286474, 0.2458871639769852;
	(state2) 0.09244240718940304, 0.667725192567892, 0.21302846244047452, 0.026803937802230466;
}

probability ( scm18dpr | variable33 ) {
	(state0) 0.817658567966855, 0.10473688087782164, 0.04878864862433646, 0.028815902530986936;
	(state1) 0.2878860997122372, 0.194022982810419, 0.39510581678997914, 0.12298510068736461;
	(state2) 0.4512056406305617, 0.3765041544784251, 0.1400881315253978, 0.03220207336561545;
}

probability ( scm19dsv | variable33 ) {
	(state0) 0.8151919639654004, 0.11235586026048462, 0.05799878513453525, 0.014453390639579742;
	(state1) 0.2878908652156288, 0.2058583574245785, 0.3110964500843864, 0.1951543272754063;
	(state2) 0.4792011311432029, 0.3331008846497329, 0.15621935411205248, 0.03147863009501159;
}

probability ( scm20fpr | variable33 ) {
	(state0) 0.7299542886949453, 0.20652600729147433, 0.05632315294243843, 0.007196551071142107;
	(state1) 0.14279272776239288, 0.1378918839605702, 0.5260752831192808, 0.19324010515775616;
	(state2) 0.29291429797800095, 0.49287144868688415, 0.20131938913518066, 0.012894864199934295;
}

probability ( scm21fsv | variable33 ) {
	(state0) 0.733203788478095, 0.18509574882784402, 0.07419301676729816, 0.0075074459267627505;
	(state1) 0.16036037809038184, 0.10053024083353478, 0.3878580303944289, 0.3512513506816545;
	(state2) 0.30289688099179357, 0.409737454539852, 0.25537290493352177, 0.03199275953483271;
}

