net 
{ 
}
node scm1rue 
{
  states = ( "0" "1" "2" "3" );
}
node scm1lue 
{
  states = ( "0" "1" "2" "3" );
}
node scm2rue 
{
  states = ( "0" "1" "2" "3" );
}
node scm2lue 
{
  states = ( "0" "1" "2" "3" );
}
node scm3rue 
{
  states = ( "0" "1" "2" "3" );
}
node scm3lue 
{
  states = ( "0" "1" "2" "3" );
}
node scm4rue 
{
  states = ( "0" "1" "2" "3" );
}
node scm4lue 
{
  states = ( "0" "1" "2" "3" );
}
node scm5rise 
{
  states = ( "0" "1" "2" "3" );
}
node scm6post 
{
  states = ( "0" "1" "2" "3" );
}
node scm7gait 
{
  states = ( "0" "1" "2" "3" );
}
node scm8spee 
{
  states = ( "0" "1" "2" "3" );
}
node scm9free 
{
  states = ( "0" "1" "2" "3" );
}
node scm10swa 
{
  states = ( "0" "1" "2" "3" );
}
node scm11spe 
{
  states = ( "0" "1" "2" "3" );
}
node scm12fee 
{
  states = ( "0" "1" "2" "3" );
}
node scm13dre 
{
  states = ( "0" "1" "2" "3" );
}
node scm14hyg 
{
  states = ( "0" "1" "2" "3" );
}
node scm15cha 
{
  states = ( "0" "1" "2" "3" );
}
node scm16wal 
{
  states = ( "0" "1" "2" "3" );
}
node scm17han 
{
  states = ( "0" "1" "2" "3" );
}
node scm18dpr 
{
  states = ( "0" "1" "2" "3" );
}
node scm19dsv 
{
  states = ( "0" "1" "2" "3" );
}
node scm20fpr 
{
  states = ( "0" "1" "2" "3" );
}
node scm21fsv 
{
  states = ( "0" "1" "2" "3" );
}
node d1_lightheaded 
{
  states = ( "0" "1" "2" "3" "4" "5" "6" "7" "8" "9" "10" "11" "12" );
}
node d1_fainting 
{
  states = ( "0" "1" "2" "3" "4" "5" "6" "7" "8" "9" "10" "11" "12" );
}
node d2_drowsiness 
{
  states = ( "0" "1" "2" "3" "4" "5" "6" "7" "8" "9" "10" "11" "12" );
}
node d2_fatigue 
{
  states = ( "0" "1" "2" "3" "4" "5" "6" "7" "8" "9" "10" "11" "12" );
}
node d2_insomnia 
{
  states = ( "0" "1" "2" "3" "4" "5" "6" "7" "8" "9" "10" "11" "12" );
}
node d2_rls 
{
  states = ( "0" "1" "2" "3" "4" "5" "6" "7" "8" "9" "10" "11" "12" );
}
node d3_loss_interest 
{
  states = ( "0" "1" "2" "3" "4" "5" "6" "7" "8" "9" "10" "11" "12" );
}
node d3_loss_activities 
{
  states = ( "0" "1" "2" "3" "4" "5" "6" "7" "8" "9" "10" "11" "12" );
}
node d3_anxiety 
{
  states = ( "0" "1" "2" "3" "4" "5" "6" "7" "8" "9" "10" "11" "12" );
}
node d3_depression 
{
  states = ( "0" "1" "2" "3" "4" "5" "6" "7" "8" "9" "10" "11" "12" );
}
node d3_flat_affect 
{
  states = ( "0" "1" "2" "3" "4" "5" "6" "7" "8" "9" "10" "11" "12" );
}
node d3_loss_pleasure 
{
  states = ( "0" "1" "2" "3" "4" "5" "6" "7" "8" "9" "10" "11" "12" );
}
node d4_hallucination 
{
  states = ( "0" "1" "2" "3" "4" "5" "6" "7" "8" "9" "10" "11" "12" );
}
node d4_delusion 
{
  states = ( "0" "1" "2" "3" "4" "5" "6" "7" "8" "9" "10" "11" "12" );
}
node d4_diplopia 
{
  states = ( "0" "1" "2" "3" "4" "5" "6" "7" "8" "9" "10" "11" "12" );
}
node d5_loss_concentration 
{
  states = ( "0" "1" "2" "3" "4" "5" "6" "7" "8" "9" "10" "11" "12" );
}
node d5_forget_explicit 
{
  states = ( "0" "1" "2" "3" "4" "5" "6" "7" "8" "9" "10" "11" "12" );
}
node d5_forget_implicit 
{
  states = ( "0" "1" "2" "3" "4" "5" "6" "7" "8" "9" "10" "11" "12" );
}
node d6_drooling 
{
  states = ( "0" "1" "2" "3" "4" "5" "6" "7" "8" "9" "10" "11" "12" );
}
node d6_swallowing 
{
  states = ( "0" "1" "2" "3" "4" "5" "6" "7" "8" "9" "10" "11" "12" );
}
node d6_constipation 
{
  states = ( "0" "1" "2" "3" "4" "5" "6" "7" "8" "9" "10" "11" "12" );
}
node d7_urinary_urgency 
{
  states = ( "0" "1" "2" "3" "4" "5" "6" "7" "8" "9" "10" "11" "12" );
}
node d7_urinary_frequency 
{
  states = ( "0" "1" "2" "3" "4" "5" "6" "7" "8" "9" "10" "11" "12" );
}
node d7_nocturia 
{
  states = ( "0" "1" "2" "3" "4" "5" "6" "7" "8" "9" "10" "11" "12" );
}
node d8_sex_drive 
{
  states = ( "0" "1" "2" "3" "4" "5" "6" "7" "8" "9" "10" "11" "12" );
}
node d8_sex_dysfunction 
{
  states = ( "0" "1" "2" "3" "4" "5" "6" "7" "8" "9" "10" "11" "12" );
}
node d9_unexplained_pain 
{
  states = ( "0" "1" "2" "3" "4" "5" "6" "7" "8" "9" "10" "11" "12" );
}
node d9_taste_smell 
{
  states = ( "0" "1" "2" "3" "4" "5" "6" "7" "8" "9" "10" "11" "12" );
}
node d9_weight_change 
{
  states = ( "0" "1" "2" "3" "4" "5" "6" "7" "8" "9" "10" "11" "12" );
}
node d9_sweating 
{
  states = ( "0" "1" "2" "3" "4" "5" "6" "7" "8" "9" "10" "11" "12" );
}
node variable68 
{
  states = ( "state0" "state1" "state2" );
}
node variable79 
{
  states = ( "state0" "state1" "state2" );
}
node variable89 
{
  states = ( "state0" "state1" );
}
node variable100 
{
  states = ( "state0" "state1" );
}
node variable111 
{
  states = ( "state0" "state1" );
}
node variable122 
{
  states = ( "state0" "state1" );
}
node variable133 
{
  states = ( "state0" "state1" );
}
node variable147 
{
  states = ( "state0" "state1" "state2" "state3" "state4" );
}
node variable155 
{
  states = ( "state0" "state1" );
}
node variable166 
{
  states = ( "state0" "state1" );
}
node variable179 
{
  states = ( "state0" "state1" "state2" "state3" );
}
node variable192 
{
  states = ( "state0" "state1" "state2" "state3" "state4" "state5" );
}
potential ( scm1rue | variable179 ) 
{
  data = ((0.4561786 0.2287799 0.1788143 0.1362271)(0.03251100 0.48614704 0.40137417 0.07996778)(0.57645334 0.28965361 0.11420344 0.01968961)(0.843603803 0.120902848 0.027693398 0.007799951)) ;
}
potential ( scm1lue | variable179 ) 
{
  data = ((0.5217922 0.1614420 0.1677880 0.1489779)(0.11366611 0.53827247 0.28602489 0.06203653)(0.61622405 0.24810561 0.11290800 0.02276234)(0.759574532 0.190269600 0.046273342 0.003882526)) ;
}
potential ( scm2rue | variable179 ) 
{
  data = ((0.46744001 0.29970382 0.14891157 0.08394459)(0.05828118 0.62619670 0.28929594 0.02622618)(0.56768311 0.35311386 0.06512895 0.01407409)(0.812493523 0.171002248 0.005095505 0.011408724)) ;
}
potential ( scm2lue | variable179 ) 
{
  data = ((0.4689720 0.2782456 0.1503442 0.1024382)(0.12864642 0.62281587 0.21689738 0.03164033)(0.59447358 0.32434146 0.06743591 0.01374905)(0.746084027 0.237303782 0.012589846 0.004022345)) ;
}
potential ( scm3rue | variable179 ) 
{
  data = ((0.03643906 0.15959044 0.51417674 0.28979376)(0.06273556 0.41329679 0.48018553 0.04378212)(0.330058069 0.568857002 0.095284243 0.005800686)(0.24335714 0.52436519 0.21140374 0.02087393)) ;
}
potential ( scm3lue | variable179 ) 
{
  data = ((0.05385271 0.10861793 0.42114622 0.41638314)(0.04955299 0.47740306 0.42143353 0.05161042)(0.33642672 0.47977044 0.17150799 0.01229485)(0.15218020 0.45771258 0.35147713 0.03863009)) ;
}
potential ( scm4rue | variable179 ) 
{
  data = ((0.06324927 0.21100620 0.53073513 0.19500940)(0.0509300 0.4245827 0.4955942 0.0288931)(0.31855749 0.57656217 0.09464381 0.01023653)(0.2258421 0.5690960 0.1939679 0.0110940)) ;
}
potential ( scm4lue | variable179 ) 
{
  data = ((0.08225533 0.17105523 0.48594614 0.26074330)(0.07154998 0.49907134 0.41333745 0.01604122)(0.3780267 0.4815737 0.1284431 0.0119565)(0.21388717 0.49438360 0.27754867 0.01418056)) ;
}
potential ( scm5rise | variable179 ) 
{
  data = ((0.04016913 0.09177527 0.44536874 0.42268686)(0.249912864 0.623566178 0.120584044 0.005936913)(0.868081182 0.124776929 0.004321941 0.002819948)(0.42430508 0.45237502 0.10996356 0.01335634)) ;
}
potential ( scm6post | variable179 ) 
{
  data = ((0.0418119 0.1132025 0.5393754 0.3056102)(0.283434543 0.520592795 0.190717968 0.005254694)(0.874010612 0.112828404 0.010340866 0.002820118)(0.40220051 0.38174866 0.20382769 0.01222315)) ;
}
potential ( scm7gait | variable179 ) 
{
  data = ((0.009315383 0.039792568 0.737625441 0.213266608)(0.064272122 0.721980798 0.208525095 0.005221984)(0.596824191 0.393884255 0.006471793 0.002819761)(0.092704910 0.727640060 0.175448188 0.004206842)) ;
}
potential ( scm8spee | variable179 ) 
{
  data = ((0.009423399 0.228659854 0.613107105 0.148809642)(0.190973100 0.735947722 0.067816310 0.005262867)(0.60622095 0.36933425 0.01319788 0.01124692)(0.06299052 0.77298743 0.15623268 0.00778936)) ;
}
potential ( scm9free | variable179 ) 
{
  data = ((0.0987909 0.1313552 0.5009899 0.2688639)(0.42089571 0.42691101 0.13593879 0.01625449)(0.904914188 0.078454995 0.010906814 0.005724003)(0.45825513 0.33631268 0.18623975 0.01919243)) ;
}
potential ( scm10swa | variable179 ) 
{
  data = ((0.22755759 0.42027038 0.29629413 0.05587791)(0.578637774 0.350977990 0.065180017 0.005204219)(0.862261110 0.108164641 0.026754490 0.002819759)(0.574118548 0.347985341 0.070176006 0.007720105)) ;
}
potential ( scm11spe | variable192 ) 
{
  data = ((0.14111504 0.61630291 0.21461090 0.02797115)(0.05646124 0.46675147 0.43006581 0.04672148)(0.02867670 0.09119023 0.67680470 0.20332837)(0.778071952 0.205441165 0.005665329 0.010821555)(0.65003961 0.31542287 0.01828325 0.01625427)(0.19348483 0.70874235 0.09217920 0.00559362)) ;
}
potential ( scm12fee | variable192 ) 
{
  data = ((0.76007237 0.17407639 0.03846929 0.02738195)(0.01654588 0.24664550 0.71328556 0.02352306)(0.02858417 0.05792981 0.37377163 0.53971439)(0.914062865 0.074796287 0.005617810 0.005523038)(0.30282970 0.66139796 0.02511677 0.01065557)(0.107000691 0.794385707 0.095345760 0.003267841)) ;
}
potential ( scm13dre | variable192 ) 
{
  data = ((0.73770409 0.12698796 0.10797844 0.02732952)(0.01463457 0.09588401 0.87698479 0.01249663)(0.02857619 0.03157433 0.12767683 0.81217264)(0.889527610 0.099150004 0.005805188 0.005517199)(0.077186457 0.888887555 0.028541443 0.005384545)(0.004351572 0.825178322 0.167664130 0.002805976)) ;
}
potential ( scm14hyg | variable192 ) 
{
  data = ((0.64564830 0.24904192 0.07797993 0.02732985)(0.008406319 0.163810889 0.811712540 0.016070252)(0.02857588 0.02958335 0.17110351 0.77073727)(0.924307471 0.063562205 0.006613124 0.005517199)(0.146546862 0.841427402 0.006641191 0.005384545)(0.037946130 0.896173459 0.063074425 0.002805985)) ;
}
potential ( scm15cha | variable192 ) 
{
  data = ((0.24228607 0.53262462 0.17292154 0.05216777)(0.008076517 0.169367928 0.722816426 0.099739130)(0.02857703 0.02862376 0.21716946 0.72562976)(0.820297173 0.162004344 0.012180729 0.005517753)(0.422754497 0.551782988 0.020072169 0.005390346)(0.075496027 0.744350276 0.174181909 0.005971787)) ;
}
potential ( scm16wal | variable192 ) 
{
  data = ((0.13684015 0.60437118 0.23145992 0.02732875)(0.02922934 0.19587435 0.70630871 0.06858759)(0.02858007 0.02894965 0.30727617 0.63519411)(0.627799903 0.350159675 0.016523217 0.005517205)(0.46480122 0.51874712 0.01091522 0.00553644)(0.022981084 0.848305535 0.122819410 0.005893971)) ;
}
potential ( scm17han | variable192 ) 
{
  data = ((0.16764110 0.48707254 0.26332142 0.08196494)(0.01959179 0.22103455 0.60066291 0.15871074)(0.03202043 0.08947761 0.26253078 0.61597118)(0.448593106 0.512660216 0.028839550 0.009907128)(0.21392450 0.67961967 0.09398871 0.01246712)(0.05394982 0.67907373 0.25200467 0.01497178)) ;
}
potential ( scm18dpr | variable147 ) 
{
  data = ((0.01964837 0.80102526 0.13240693 0.04691945)(0.01240739 0.11336159 0.61385433 0.26037669)(0.986153180 0.008128317 0.002887327 0.002831177)(0.947430167 0.028822411 0.007011204 0.016736218)(0.88123993 0.06332387 0.03608367 0.01935253)) ;
}
potential ( scm19dsv | variable147 ) 
{
  data = ((0.01604894 0.77039364 0.18595100 0.02760642)(0.01155983 0.10575374 0.57847145 0.30421498)(0.991000228 0.003300879 0.002968791 0.002730102)(0.966750899 0.007837114 0.015104070 0.010307917)(0.91907410 0.02462066 0.03697733 0.01932791)) ;
}
potential ( scm20fpr | variable147 ) 
{
  data = ((0.190935784 0.625994744 0.178479780 0.004589692)(0.01132613 0.11119767 0.64274284 0.23473336)(0.989249878 0.005093830 0.002981355 0.002674937)(0.01783254 0.91593909 0.05547089 0.01075747)(0.02112604 0.08175853 0.74485156 0.15226387)) ;
}
potential ( scm21fsv | variable147 ) 
{
  data = ((0.203080062 0.506621888 0.281610945 0.008687105)(0.02028365 0.01214639 0.56614090 0.40142906)(0.985958882 0.007036051 0.004334786 0.002670282)(0.053303538 0.793116093 0.146913127 0.006667242)(0.02124528 0.09744172 0.64300438 0.23830862)) ;
}
potential ( d1_lightheaded | variable133 ) 
{
  data = ((0.639726206 0.144917442 0.067655484 0.036003461 0.044880388 0.001192918 0.026428115 0.001192918 0.020609290 0.006592421 0.001192918 0.001192918 0.008415520)(0.02041955 0.02972778 0.07419458 0.02147084 0.35856771 0.01180367 0.16343156 0.01180367 0.07936355 0.06460977 0.01180367 0.01180367 0.14099997)) ;
}
potential ( d1_fainting | variable133 ) 
{
  data = ((0.942656369 0.025243591 0.007847927 0.007831019 0.003793880 0.001192918 0.002163472 0.001192918 0.002338451 0.002139164 0.001192918 0.001192918 0.001214455)(0.23358821 0.17515218 0.09940150 0.01694309 0.22214114 0.01180367 0.12023697 0.01180367 0.01227254 0.02604811 0.01180367 0.01180367 0.04700158)) ;
}
potential ( d2_drowsiness | variable100 ) 
{
  data = ((0.605693954 0.113279078 0.069361494 0.056104461 0.091249845 0.001521739 0.020916211 0.001521739 0.019240556 0.006329466 0.001521739 0.001521739 0.011737980)(0.33842429 0.05852563 0.05047669 0.03434684 0.17316001 0.00376142 0.17022329 0.00376142 0.04647688 0.03325335 0.00376142 0.00376142 0.08006735)) ;
}
potential ( d2_fatigue | variable100 ) 
{
  data = ((0.494108346 0.167267454 0.090166197 0.033568018 0.102767186 0.001521739 0.040121168 0.001521739 0.037320041 0.004899127 0.001521739 0.001521739 0.023695507)(0.06507322 0.01535174 0.03290459 0.03739233 0.18982859 0.00376142 0.20174248 0.00376142 0.13719930 0.11577867 0.00376142 0.00376142 0.18968340)) ;
}
potential ( d2_insomnia | variable100 ) 
{
  data = ((0.640534064 0.126279511 0.050510312 0.026906758 0.054405180 0.001521739 0.021333595 0.001521739 0.034357375 0.010940349 0.001521739 0.001521739 0.028645901)(0.26359108 0.04519838 0.03312872 0.03881189 0.13258261 0.00376142 0.15038451 0.00376142 0.11066961 0.05194757 0.00376142 0.00376142 0.15863996)) ;
}
potential ( d2_rls | variable100 ) 
{
  data = ((0.749146424 0.106135666 0.043884107 0.012659032 0.043214036 0.001521739 0.007804481 0.001521739 0.014623632 0.005334221 0.001521739 0.001521739 0.011111445)(0.46906299 0.04232987 0.01941595 0.04017650 0.16024478 0.00376142 0.07850588 0.00376142 0.06165036 0.06580475 0.00376142 0.00376142 0.04776323)) ;
}
potential ( d3_loss_interest | variable166 ) 
{
  data = ((0.167734743 0.046920162 0.124144537 0.038127805 0.268840992 0.003935178 0.142717300 0.003935178 0.062004271 0.039336961 0.003935178 0.003935178 0.094432515)(0.813859000 0.106262012 0.030577338 0.006445137 0.023446056 0.001495032 0.008570950 0.001495032 0.001859213 0.001500664 0.001495032 0.001495032 0.001499503)) ;
}
potential ( d3_loss_activities | variable166 ) 
{
  data = ((0.128545769 0.061314033 0.068493467 0.037253490 0.226342566 0.003935178 0.160545757 0.003935178 0.080965150 0.074402733 0.003935178 0.003935178 0.146396321)(0.713629989 0.135179309 0.066670320 0.009767366 0.036601769 0.001495032 0.009272818 0.001495032 0.014091114 0.004624015 0.001495032 0.001495032 0.004183171)) ;
}
potential ( d3_anxiety | variable166 ) 
{
  data = ((0.190188475 0.091500524 0.051876682 0.034423080 0.189918144 0.003935178 0.170511563 0.003935178 0.058087368 0.053917375 0.003935178 0.003935178 0.143836076)(0.649845149 0.135671275 0.071488249 0.015327777 0.066885297 0.001495032 0.023427048 0.001495032 0.016802591 0.004931543 0.001495032 0.001495032 0.009640943)) ;
}
potential ( d3_depression | variable166 ) 
{
  data = ((0.122968214 0.060694399 0.037785891 0.040244215 0.191664081 0.003935178 0.227556262 0.003935178 0.068500243 0.071332626 0.003935178 0.003935178 0.163513355)(0.657442729 0.139899814 0.067871354 0.016106307 0.067717022 0.001495032 0.024180410 0.001495032 0.006866458 0.005790394 0.001495032 0.001495032 0.008145384)) ;
}
potential ( d3_flat_affect | variable166 ) 
{
  data = ((0.363312568 0.110302879 0.047745015 0.026012036 0.181016772 0.003935178 0.102468566 0.003935178 0.058777880 0.031481089 0.003935178 0.003935178 0.063142481)(0.817297781 0.092647211 0.023721868 0.009553063 0.028406157 0.001495032 0.005921650 0.001495032 0.010560127 0.001495161 0.001495032 0.001495032 0.004416854)) ;
}
potential ( d3_loss_pleasure | variable166 ) 
{
  data = ((0.188915149 0.099755090 0.071619103 0.023787710 0.252788039 0.003935178 0.087636035 0.003935178 0.074912298 0.066796652 0.003935178 0.003935178 0.118049209)(0.852158250 0.081704149 0.025116976 0.005913021 0.010109390 0.001495032 0.005576618 0.001495032 0.008915520 0.001533549 0.001495032 0.001495032 0.002992399)) ;
}
potential ( d4_hallucination | variable155 ) 
{
  data = ((0.11164530 0.16952472 0.10423275 0.02497977 0.27987465 0.01030011 0.11721978 0.01030011 0.04660251 0.06436018 0.01030011 0.01030011 0.04035988)(0.897382830 0.038189791 0.013173807 0.011592987 0.015531896 0.001210780 0.003171718 0.001210780 0.007840449 0.002120691 0.001210780 0.001210780 0.006152711)) ;
}
potential ( d4_delusion | variable155 ) 
{
  data = ((0.32259032 0.14355385 0.06972883 0.01030011 0.12711813 0.01030011 0.11470938 0.01030011 0.03156512 0.08699590 0.01030011 0.01030011 0.05223791)(0.953708482 0.013394726 0.002700386 0.001210780 0.009272847 0.001210780 0.003466815 0.001210780 0.003554196 0.003092200 0.001210780 0.001210780 0.004756447)) ;
}
potential ( d4_diplopia | variable155 ) 
{
  data = ((0.36146478 0.09505112 0.05662057 0.02562960 0.23834956 0.01030011 0.10752984 0.01030011 0.01496102 0.02058998 0.01030011 0.01030011 0.03860309)(0.880124307 0.036047154 0.019981408 0.009095039 0.022834737 0.001210780 0.003099992 0.001210780 0.012770693 0.001211985 0.001210780 0.001210780 0.009991563)) ;
}
potential ( d5_loss_concentration | variable111 ) 
{
  data = ((0.161343527 0.075202243 0.063568415 0.049051589 0.253688862 0.004115172 0.147506666 0.004115172 0.070866749 0.052078262 0.004115172 0.004115172 0.110232999)(0.626169142 0.156950173 0.065518943 0.029530002 0.050519050 0.001470595 0.026699253 0.001470595 0.026145936 0.007860059 0.001470595 0.001470595 0.004725062)) ;
}
potential ( d5_forget_explicit | variable111 ) 
{
  data = ((0.016712794 0.049418395 0.070784488 0.029945421 0.339525569 0.004115172 0.200944129 0.004115172 0.111599177 0.058053416 0.004115172 0.004115172 0.106555925)(0.676383692 0.191164390 0.077646164 0.017240032 0.016903309 0.001470595 0.006132281 0.001470595 0.004236846 0.002783592 0.001470595 0.001470595 0.001627313)) ;
}
potential ( d5_forget_implicit | variable111 ) 
{
  data = ((0.102048488 0.080170741 0.075274852 0.063863615 0.272654949 0.004115172 0.170045412 0.004115172 0.057066186 0.061550912 0.004115172 0.004115172 0.100864157)(0.741476871 0.168409990 0.039276611 0.006589644 0.023153008 0.001470595 0.006880060 0.001470595 0.003136387 0.001533729 0.001470595 0.001470595 0.003661320)) ;
}
potential ( d6_drooling | variable122 ) 
{
  data = ((0.162470545 0.049396152 0.082403277 0.010479616 0.251793827 0.005132737 0.091391431 0.005132737 0.105678964 0.043905759 0.005132737 0.005132737 0.181949479)(0.699485957 0.129607059 0.028764556 0.023288831 0.047988045 0.001373302 0.019493202 0.001373302 0.029403483 0.001985708 0.001373302 0.001373302 0.014489953)) ;
}
potential ( d6_swallowing | variable122 ) 
{
  data = ((0.250846618 0.132584211 0.122160283 0.058782195 0.164564018 0.005132737 0.074778010 0.005132737 0.084992587 0.040245139 0.005132737 0.005132737 0.050515989)(0.806303938 0.088123261 0.030486991 0.004871916 0.034247878 0.001373302 0.010205229 0.001373302 0.014338752 0.004338435 0.001373302 0.001373302 0.001590393)) ;
}
potential ( d6_constipation | variable122 ) 
{
  data = ((0.220166318 0.039234220 0.067361994 0.019761950 0.119061201 0.005132737 0.104732759 0.005132737 0.095758063 0.081573205 0.005132737 0.005132737 0.231819341)(0.589291222 0.106233229 0.052015184 0.018058672 0.084874934 0.001373302 0.047509567 0.001373302 0.037551099 0.018000236 0.001373302 0.001373302 0.040972651)) ;
}
potential ( d7_urinary_urgency | variable68 ) 
{
  data = ((0.173661710 0.099844264 0.129450991 0.063161385 0.284954264 0.004267691 0.177271862 0.004267691 0.027864356 0.015693343 0.004267691 0.004267691 0.011027060)(0.148471089 0.033154129 0.017205402 0.014249484 0.079252608 0.006722255 0.046745061 0.006722255 0.240294106 0.085118473 0.006722255 0.006722255 0.308620628)(0.705744305 0.127816704 0.032749195 0.025465374 0.053244958 0.001808575 0.020813264 0.001808575 0.013970877 0.010237552 0.001808575 0.001808575 0.002723473)) ;
}
potential ( d7_urinary_frequency | variable68 ) 
{
  data = ((0.154643757 0.051302700 0.132963888 0.082949093 0.311976965 0.004267691 0.183293998 0.004267691 0.047741555 0.011879043 0.004267691 0.004267691 0.006178235)(0.150223353 0.007761318 0.017777784 0.022898021 0.051036389 0.006722255 0.046379745 0.006722255 0.244749791 0.106202031 0.006722255 0.006722255 0.326082550)(0.774823887 0.104579456 0.036532217 0.023795727 0.027681677 0.001808575 0.003890875 0.001808575 0.015199937 0.002564458 0.001808575 0.001808575 0.003697466)) ;
}
potential ( d7_nocturia | variable68 ) 
{
  data = ((0.053220041 0.069909419 0.091305839 0.061860560 0.360187611 0.004267691 0.138460933 0.004267691 0.116836179 0.043659073 0.004267691 0.004267691 0.047489581)(0.091877749 0.015623797 0.023989626 0.031208190 0.083043709 0.006722255 0.045308639 0.006722255 0.180591663 0.052493137 0.006722255 0.006722255 0.448974472)(0.529662473 0.172347607 0.041663487 0.041348342 0.141516876 0.001808575 0.017752811 0.001808575 0.030308721 0.005355193 0.001808575 0.001808575 0.012810191)) ;
}
potential ( d8_sex_drive | variable79 ) 
{
  data = ((0.063041104 0.205134716 0.111263905 0.067646819 0.332084796 0.006526356 0.134183530 0.006526356 0.031369878 0.019851033 0.006526356 0.006526356 0.009318794)(0.856887419 0.036218343 0.017086878 0.005065945 0.036091582 0.001458488 0.019016736 0.001458488 0.008739093 0.002304028 0.001458488 0.001458488 0.012756024)(0.04965208 0.02816185 0.01272609 0.02225187 0.03469929 0.01029510 0.02471940 0.01029510 0.15650070 0.10684867 0.01029510 0.01029510 0.52325965)) ;
}
potential ( d8_sex_dysfunction | variable79 ) 
{
  data = ((0.176847406 0.162563501 0.101824356 0.057942752 0.296168819 0.006526356 0.092485951 0.006526356 0.045069097 0.022468121 0.006526356 0.006526356 0.018524572)(0.864902353 0.030580970 0.012021079 0.002874299 0.012756758 0.001458488 0.022938755 0.001458488 0.016283654 0.009909660 0.001458488 0.001458488 0.021898519)(0.24594546 0.01156805 0.01189934 0.01184957 0.06046326 0.01029510 0.02163093 0.01029510 0.05075017 0.11080466 0.01029510 0.01029510 0.43390815)) ;
}
potential ( d9_unexplained_pain | variable89 ) 
{
  data = ((0.722782015 0.108197263 0.034146212 0.017060343 0.029744954 0.001362301 0.020752875 0.001362301 0.021966938 0.007577686 0.001362301 0.001362301 0.032322511)(0.293415430 0.061273820 0.047287663 0.007816002 0.201990601 0.005292472 0.109905070 0.005292472 0.089311079 0.044655664 0.005292472 0.005292472 0.123174786)) ;
}
potential ( d9_taste_smell | variable89 ) 
{
  data = ((0.654974322 0.043757926 0.015937308 0.005168765 0.151694201 0.001362301 0.014988262 0.001362301 0.059115151 0.010166573 0.001362301 0.001362301 0.038748290)(0.323976267 0.015239094 0.049226239 0.032844314 0.178083801 0.005292472 0.037035822 0.005292472 0.140813533 0.055767851 0.005292472 0.005292472 0.145843192)) ;
}
potential ( d9_weight_change | variable89 ) 
{
  data = ((0.506233908 0.357744209 0.018985009 0.010799857 0.045413785 0.001362301 0.005444497 0.001362301 0.032578064 0.001997116 0.001362301 0.001362301 0.015354353)(0.208511750 0.277309729 0.037386070 0.042722627 0.199335144 0.005292472 0.042358055 0.005292472 0.048087371 0.029288602 0.005292472 0.005292472 0.093830766)) ;
}
potential ( d9_sweating | variable89 ) 
{
  data = ((0.780522793 0.055891042 0.028377653 0.013131673 0.049197997 0.001362301 0.020489975 0.001362301 0.017534627 0.009430175 0.001362301 0.001362301 0.019974862)(0.317841483 0.058074547 0.037943405 0.012493749 0.195218610 0.005292472 0.073879122 0.005292472 0.095945450 0.069213662 0.005292472 0.005292472 0.118220086)) ;
}
potential ( variable68 | variable147 ) 
{
  data = ((0.274505 0.120591 0.604904)(0.4159667 0.2480600 0.3359733)(0.1751781 0.1238591 0.7009628)(0.2670994 0.1594208 0.5734798)(0.2749032 0.3187803 0.4063164)) ;
}
potential ( variable79 | variable166 ) 
{
  data = ((0.1974624 0.5185356 0.2840020)(0.14269738 0.83179954 0.02550308)) ;
}
potential ( variable89 | variable166 ) 
{
  data = ((0.475468 0.524532)(0.92335337 0.07664663)) ;
}
potential ( variable100 | variable166 ) 
{
  data = ((0.2319726 0.7680274)(0.8964318 0.1035682)) ;
}
potential ( variable111 | variable179 ) 
{
  data = ((0.5403151 0.4596849)(0.2011925 0.7988075)(0.1261206 0.8738794)(0.3672754 0.6327246)) ;
}
potential ( variable122 | variable179 ) 
{
  data = ((0.7865499 0.2134501)(0.1359076 0.8640924)(0.01652044 0.98347956)(0.2774422 0.7225578)) ;
}
potential ( variable133 | variable179 ) 
{
  data = ((0.6502204 0.3497796)(0.94039013 0.05960987)(0.993260143 0.006739857)(0.90211606 0.09788394)) ;
}
potential ( variable147 | variable179 ) 
{
  data = ((0.16600188 0.47104317 0.11248486 0.03397225 0.21649784)(0.38890041 0.10016757 0.24569821 0.23637230 0.02886151)(0.134410838 0.011573682 0.703241921 0.142771701 0.008001858)(0.33903360 0.10515580 0.25197369 0.21528007 0.08855684)) ;
}
potential ( variable155 | variable179 ) 
{
  data = ((0.4504154 0.5495846)(0.04394667 0.95605333)(0.0176963 0.9823037)(0.1012841 0.8987159)) ;
}
potential ( variable166 | variable179 ) 
{
  data = ((0.6735396 0.3264604)(0.2439962 0.7560038)(0.07380969 0.92619031)(0.3960099 0.6039901)) ;
}
potential ( variable179 | variable192 ) 
{
  data = ((0.02915664 0.04421025 0.09011982 0.83651329)(0.58139727 0.19615201 0.01441694 0.20803378)(0.88803736 0.02870072 0.02858318 0.05467874)(0.005519492 0.022770318 0.961936193 0.009773997)(0.005429883 0.087243676 0.892030703 0.015295737)(0.005687011 0.411004503 0.029468753 0.553839732)) ;
}
potential ( variable192 ) 
{
  data = ( 0.03727342 0.13616408 0.03543468 0.19739909 0.20234409 0.39138464 );
}
