net 
{ 
}
node scm1rue 
{
  states = ( "0" "1" "2" "3" );
}
node scm1lue 
{
  states = ( "0" "1" "2" "3" );
}
node scm2rue 
{
  states = ( "0" "1" "2" "3" );
}
node scm2lue 
{
  states = ( "0" "1" "2" "3" );
}
node scm3rue 
{
  states = ( "0" "1" "2" "3" );
}
node scm3lue 
{
  states = ( "0" "1" "2" "3" );
}
node scm4rue 
{
  states = ( "0" "1" "2" "3" );
}
node scm4lue 
{
  states = ( "0" "1" "2" "3" );
}
node scm5rise 
{
  states = ( "0" "1" "2" "3" );
}
node scm6post 
{
  states = ( "0" "1" "2" "3" );
}
node scm7gait 
{
  states = ( "0" "1" "2" "3" );
}
node scm8spee 
{
  states = ( "0" "1" "2" "3" );
}
node scm9free 
{
  states = ( "0" "1" "2" "3" );
}
node scm10swa 
{
  states = ( "0" "1" "2" "3" );
}
node scm11spe 
{
  states = ( "0" "1" "2" "3" );
}
node scm12fee 
{
  states = ( "0" "1" "2" "3" );
}
node scm13dre 
{
  states = ( "0" "1" "2" "3" );
}
node scm14hyg 
{
  states = ( "0" "1" "2" "3" );
}
node scm15cha 
{
  states = ( "0" "1" "2" "3" );
}
node scm16wal 
{
  states = ( "0" "1" "2" "3" );
}
node scm17han 
{
  states = ( "0" "1" "2" "3" );
}
node scm18dpr 
{
  states = ( "0" "1" "2" "3" );
}
node scm19dsv 
{
  states = ( "0" "1" "2" "3" );
}
node scm20fpr 
{
  states = ( "0" "1" "2" "3" );
}
node scm21fsv 
{
  states = ( "0" "1" "2" "3" );
}
node d1_lightheaded 
{
  states = ( "0" "1" "2" "3" "4" "5" "6" "7" "8" "9" "10" "11" "12" );
}
node d1_fainting 
{
  states = ( "0" "1" "2" "3" "4" "5" "6" "7" "8" "9" "10" "11" "12" );
}
node d2_drowsiness 
{
  states = ( "0" "1" "2" "3" "4" "5" "6" "7" "8" "9" "10" "11" "12" );
}
node d2_fatigue 
{
  states = ( "0" "1" "2" "3" "4" "5" "6" "7" "8" "9" "10" "11" "12" );
}
node d2_insomnia 
{
  states = ( "0" "1" "2" "3" "4" "5" "6" "7" "8" "9" "10" "11" "12" );
}
node d2_rls 
{
  states = ( "0" "1" "2" "3" "4" "5" "6" "7" "8" "9" "10" "11" "12" );
}
node d3_loss_interest 
{
  states = ( "0" "1" "2" "3" "4" "5" "6" "7" "8" "9" "10" "11" "12" );
}
node d3_loss_activities 
{
  states = ( "0" "1" "2" "3" "4" "5" "6" "7" "8" "9" "10" "11" "12" );
}
node d3_anxiety 
{
  states = ( "0" "1" "2" "3" "4" "5" "6" "7" "8" "9" "10" "11" "12" );
}
node d3_depression 
{
  states = ( "0" "1" "2" "3" "4" "5" "6" "7" "8" "9" "10" "11" "12" );
}
node d3_flat_affect 
{
  states = ( "0" "1" "2" "3" "4" "5" "6" "7" "8" "9" "10" "11" "12" );
}
node d3_loss_pleasure 
{
  states = ( "0" "1" "2" "3" "4" "5" "6" "7" "8" "9" "10" "11" "12" );
}
node d4_hallucination 
{
  states = ( "0" "1" "2" "3" "4" "5" "6" "7" "8" "9" "10" "11" "12" );
}
node d4_delusion 
{
  states = ( "0" "1" "2" "3" "4" "5" "6" "7" "8" "9" "10" "11" "12" );
}
node d4_diplopia 
{
  states = ( "0" "1" "2" "3" "4" "5" "6" "7" "8" "9" "10" "11" "12" );
}
node d5_loss_concentration 
{
  states = ( "0" "1" "2" "3" "4" "5" "6" "7" "8" "9" "10" "11" "12" );
}
node d5_forget_explicit 
{
  states = ( "0" "1" "2" "3" "4" "5" "6" "7" "8" "9" "10" "11" "12" );
}
node d5_forget_implicit 
{
  states = ( "0" "1" "2" "3" "4" "5" "6" "7" "8" "9" "10" "11" "12" );
}
node d6_drooling 
{
  states = ( "0" "1" "2" "3" "4" "5" "6" "7" "8" "9" "10" "11" "12" );
}
node d6_swallowing 
{
  states = ( "0" "1" "2" "3" "4" "5" "6" "7" "8" "9" "10" "11" "12" );
}
node d6_constipation 
{
  states = ( "0" "1" "2" "3" "4" "5" "6" "7" "8" "9" "10" "11" "12" );
}
node d7_urinary_urgency 
{
  states = ( "0" "1" "2" "3" "4" "5" "6" "7" "8" "9" "10" "11" "12" );
}
node d7_urinary_frequency 
{
  states = ( "0" "1" "2" "3" "4" "5" "6" "7" "8" "9" "10" "11" "12" );
}
node d7_nocturia 
{
  states = ( "0" "1" "2" "3" "4" "5" "6" "7" "8" "9" "10" "11" "12" );
}
node d8_sex_drive 
{
  states = ( "0" "1" "2" "3" "4" "5" "6" "7" "8" "9" "10" "11" "12" );
}
node d8_sex_dysfunction 
{
  states = ( "0" "1" "2" "3" "4" "5" "6" "7" "8" "9" "10" "11" "12" );
}
node d9_unexplained_pain 
{
  states = ( "0" "1" "2" "3" "4" "5" "6" "7" "8" "9" "10" "11" "12" );
}
node d9_taste_smell 
{
  states = ( "0" "1" "2" "3" "4" "5" "6" "7" "8" "9" "10" "11" "12" );
}
node d9_weight_change 
{
  states = ( "0" "1" "2" "3" "4" "5" "6" "7" "8" "9" "10" "11" "12" );
}
node d9_sweating 
{
  states = ( "0" "1" "2" "3" "4" "5" "6" "7" "8" "9" "10" "11" "12" );
}
node variable70 
{
  states = ( "state0" "state1" );
}
node variable80 
{
  states = ( "state0" "state1" "state2" );
}
node variable88 
{
  states = ( "state0" "state1" );
}
node variable97 
{
  states = ( "state0" "state1" );
}
node variable106 
{
  states = ( "state0" "state1" );
}
node variable115 
{
  states = ( "state0" "state1" );
}
node variable125 
{
  states = ( "state0" "state1" "state2" );
}
node variable133 
{
  states = ( "state0" "state1" );
}
node variable142 
{
  states = ( "state0" "state1" );
}
node variable155 
{
  states = ( "state0" "state1" "state2" "state3" "state4" "state5" );
}
node variable164 
{
  states = ( "state0" "state1" "state2" "state3" "state4" "state5" );
}
node variable172 
{
  states = ( "state0" "state1" "state2" "state3" "state4" );
}
node variable179 
{
  states = ( "state0" "state1" "state2" );
}
node variable188 
{
  states = ( "state0" "state1" "state2" );
}
node variable196 
{
  states = ( "state0" "state1" );
}
potential ( scm1rue | variable172 ) 
{
  data = ((0.703923646 0.242540861 0.043653779 0.009881714)(0.4771838 0.2158559 0.1788767 0.1280836)(0.867324843 0.111540960 0.016823114 0.004311082)(0.03344983 0.49102892 0.39579321 0.07972804)(0.41012849 0.33391745 0.20905890 0.04689515)) ;
}
potential ( scm1lue | variable172 ) 
{
  data = ((0.43064455 0.35434888 0.17698889 0.03801767)(0.5462346 0.1561412 0.1435896 0.1540345)(0.775505933 0.173729985 0.046513077 0.004251005)(0.09878355 0.54740856 0.29294278 0.06086511)(0.851383578 0.112801295 0.029791035 0.006024092)) ;
}
potential ( scm2rue | variable172 ) 
{
  data = ((0.680940039 0.285228647 0.024366278 0.009465036)(0.48421163 0.30508087 0.12402502 0.08668248)(0.842087461 0.148906564 0.004640756 0.004365219)(0.05727911 0.62361141 0.29355812 0.02555137)(0.41247825 0.43338790 0.11880652 0.03532733)) ;
}
potential ( scm2lue | variable172 ) 
{
  data = ((0.46476263 0.40169504 0.11236500 0.02117733)(0.4805311 0.2721165 0.1415686 0.1057839)(0.763670176 0.217786738 0.014223769 0.004319316)(0.1151287 0.6369257 0.2171845 0.0307610)(0.763491986 0.219136969 0.008553621 0.008817425)) ;
}
potential ( scm3rue | variable172 ) 
{
  data = ((0.374458839 0.547759210 0.068741604 0.009040346)(0.0388834 0.1511750 0.4986463 0.3112953)(0.2242158 0.5196797 0.2362796 0.0198249)(0.07133264 0.40831658 0.47972411 0.04062667)(0.27825572 0.59503816 0.12001955 0.00668657)) ;
}
potential ( scm3lue | variable172 ) 
{
  data = ((0.03802832 0.64758893 0.29083780 0.02354495)(0.04865009 0.10643145 0.41303788 0.43188057)(0.11127348 0.47277028 0.37672751 0.03922873)(0.05053672 0.47981384 0.41934901 0.05030043)(0.745917471 0.230497182 0.017246429 0.006338919)) ;
}
potential ( scm4rue | variable172 ) 
{
  data = ((0.37906500 0.51657292 0.08313620 0.02122589)(0.0745572 0.2160366 0.5161883 0.1932178)(0.196739221 0.585790095 0.208492872 0.008977812)(0.05563555 0.41961403 0.49832108 0.02642934)(0.26009549 0.61850804 0.10853891 0.01285756)) ;
}
potential ( scm4lue | variable172 ) 
{
  data = ((0.10511907 0.64786076 0.22624864 0.02077152)(0.07726755 0.17858087 0.47389612 0.27025546)(0.17281806 0.51307723 0.30123961 0.01286511)(0.07707974 0.50123397 0.40633364 0.01535265)(0.752300408 0.228641839 0.009900684 0.009157070)) ;
}
potential ( scm5rise | variable172 ) 
{
  data = ((0.881152369 0.108159783 0.005941837 0.004746011)(0.02526073 0.07555915 0.45630502 0.44287511)(0.41303647 0.46570513 0.10823316 0.01302524)(0.245223135 0.628254356 0.121360832 0.005161677)(0.81030916 0.16073015 0.02299606 0.00596463)) ;
}
potential ( scm6post | variable172 ) 
{
  data = ((0.862023358 0.111640061 0.021571837 0.004764744)(0.03307851 0.08959042 0.55911963 0.31821144)(0.37321279 0.40080289 0.21355396 0.01243036)(0.27529340 0.52763812 0.19167129 0.00539719)(0.868079529 0.119422015 0.006485856 0.006012600)) ;
}
potential ( scm7gait | variable172 ) 
{
  data = ((0.622650577 0.367627015 0.004976431 0.004745978)(0.009653434 0.011640716 0.756844780 0.221861070)(0.062532088 0.759278440 0.173925737 0.004263734)(0.062973115 0.715482663 0.216473836 0.005070386)(0.537806722 0.428929649 0.027323551 0.005940078)) ;
}
potential ( scm8spee | variable172 ) 
{
  data = ((0.61416793 0.35908898 0.01514675 0.01159634)(0.009920511 0.222976344 0.612837269 0.154265875)(0.060238575 0.783064259 0.148122388 0.008574777)(0.187187250 0.731191057 0.076491381 0.005130312)(0.52474160 0.41208864 0.04816081 0.01500895)) ;
}
potential ( scm9free | variable172 ) 
{
  data = ((0.885944163 0.103031589 0.006235934 0.004788314)(0.1028214 0.1332435 0.4841966 0.2797385)(0.44279137 0.34816613 0.19635588 0.01268661)(0.41557555 0.42093575 0.14736588 0.01612282)(0.87739413 0.06487769 0.03505746 0.02267072)) ;
}
potential ( scm10swa | variable172 ) 
{
  data = ((0.862304567 0.111218344 0.021731021 0.004746068)(0.24280751 0.40796740 0.29132031 0.05790477)(0.580005593 0.344528359 0.067051345 0.008414703)(0.567653496 0.359404640 0.067872577 0.005069288)(0.799912713 0.140945009 0.053170974 0.005971304)) ;
}
potential ( scm11spe | variable164 ) 
{
  data = ((0.04292268 0.46156106 0.44615297 0.04936329)(0.62667668 0.33382900 0.02365514 0.01583919)(0.02932636 0.09049504 0.67364530 0.20653330)(0.191642629 0.709468023 0.093330126 0.005559221)(0.775644493 0.208085779 0.006152196 0.010117532)(0.14021179 0.60266612 0.22481096 0.03231112)) ;
}
potential ( scm12fee | variable164 ) 
{
  data = ((0.01827614 0.23864771 0.71895260 0.02412356)(0.27840169 0.68691747 0.02453764 0.01014320)(0.02925284 0.05908099 0.36446874 0.54719744)(0.109969307 0.779837373 0.106330592 0.003862728)(0.906706826 0.082462603 0.005467476 0.005363095)(0.76290646 0.15165016 0.05482398 0.03061941)) ;
}
potential ( scm13dre | variable164 ) 
{
  data = ((0.01120289 0.08321291 0.88945224 0.01613197)(0.06947870 0.89495047 0.03036239 0.00520843)(0.02920939 0.03192401 0.11970676 0.81915984)(0.004952377 0.811695776 0.180524340 0.002827507)(0.875506789 0.113539931 0.005602197 0.005351083)(0.76123178 0.10966597 0.09968485 0.02941739)) ;
}
potential ( scm14hyg | variable164 ) 
{
  data = ((0.009634863 0.140158662 0.832693537 0.017512937)(0.131780086 0.857090088 0.005921396 0.005208430)(0.02921423 0.03054827 0.15511034 0.78512716)(0.037027511 0.888341500 0.071803464 0.002827525)(0.916677066 0.071770940 0.006200911 0.005351083)(0.64935436 0.23208781 0.08913958 0.02941825)) ;
}
potential ( scm15cha | variable164 ) 
{
  data = ((0.008475514 0.152515239 0.734329853 0.104679394)(0.397856155 0.581362636 0.015548405 0.005232804)(0.02919817 0.02929156 0.20932313 0.73218715)(0.074158998 0.731231984 0.187023195 0.007585823)(0.818715570 0.164383109 0.011549003 0.005352318)(0.21596176 0.54796649 0.18722397 0.04884778)) ;
}
potential ( scm16wal | variable164 ) 
{
  data = ((0.02835818 0.17549261 0.72138320 0.07476601)(0.45041188 0.53316806 0.01075490 0.00566516)(0.02920215 0.03001679 0.30009082 0.64069025)(0.018133083 0.842532750 0.133715475 0.005618692)(0.620588584 0.358102112 0.015958149 0.005351156)(0.13873219 0.60359152 0.22824892 0.02942736)) ;
}
potential ( scm17han | variable164 ) 
{
  data = ((0.01855643 0.20900449 0.60423408 0.16820500)(0.20672575 0.67264093 0.10836163 0.01227168)(0.03138306 0.08887254 0.26025478 0.61948962)(0.05290169 0.67731491 0.25432039 0.01546301)(0.44332063 0.51519616 0.03132488 0.01015833)(0.15976342 0.49419503 0.26201838 0.08402316)) ;
}
potential ( scm18dpr | variable155 ) 
{
  data = ((0.986107498 0.008003265 0.002885881 0.003003356)(0.02380891 0.80974742 0.12810418 0.03833949)(0.01149390 0.51786161 0.37230848 0.09833601)(0.90651881 0.04563698 0.02790861 0.01993559)(0.02311919 0.04508683 0.52878305 0.40301093)(0.945849211 0.030866526 0.006949291 0.016334971)) ;
}
potential ( scm19dsv | variable155 ) 
{
  data = ((0.990643892 0.003446771 0.003184246 0.002725091)(0.01475221 0.82239631 0.13803169 0.02481979)(0.02686572 0.41708889 0.48750358 0.06854181)(0.91518111 0.02767141 0.03724257 0.01990491)(0.02232779 0.09666565 0.34995145 0.53105510)(0.966770395 0.008261240 0.015099330 0.009869035)) ;
}
potential ( scm20fpr | variable155 ) 
{
  data = ((0.986456696 0.007614660 0.003262223 0.002666421)(0.279904696 0.670456740 0.042188092 0.007450473)(0.008030125 0.376055840 0.603040142 0.012873894)(0.02601816 0.09281008 0.71829165 0.16288010)(0.02286263 0.03408704 0.46095126 0.48209908)(0.019153624 0.906532585 0.066068826 0.008244965)) ;
}
potential ( scm21fsv | variable155 ) 
{
  data = ((0.987157551 0.006413688 0.003761450 0.002667312)(0.293827998 0.669382253 0.027833052 0.008956697)(0.01091021 0.09631211 0.84693854 0.04583914)(0.02665130 0.08424875 0.64584329 0.24325665)(0.03816072 0.02178489 0.17927920 0.76077520)(0.047467479 0.800414833 0.145453805 0.006663883)) ;
}
potential ( d1_lightheaded | variable142 ) 
{
  data = ((0.704449743 0.157239053 0.055250162 0.031589650 0.026830226 0.001317357 0.007637239 0.001317357 0.006054708 0.002743262 0.001317357 0.001317357 0.002936528)(0.019861195 0.028312441 0.128488567 0.048933616 0.290616231 0.006101115 0.184269583 0.006101115 0.118385422 0.054407319 0.006101115 0.006101115 0.102321165)) ;
}
potential ( d1_fainting | variable142 ) 
{
  data = ((0.944039785 0.025073378 0.007790540 0.005802468 0.004003281 0.001317357 0.001716781 0.001317357 0.002551877 0.002429925 0.001317357 0.001317357 0.001322537)(0.569744154 0.103517080 0.055436172 0.021935784 0.115684025 0.006101115 0.065262406 0.006101115 0.006484765 0.013150678 0.006101115 0.006101115 0.024380473)) ;
}
potential ( d2_drowsiness | variable133 ) 
{
  data = ((0.623926155 0.117282220 0.071681693 0.051194738 0.082945463 0.001620454 0.019562774 0.001620454 0.013697493 0.004567482 0.001620454 0.001620454 0.008660166)(0.33661985 0.05761519 0.04826731 0.04709932 0.17919389 0.00326916 0.15341380 0.00326916 0.05409520 0.03328448 0.00326916 0.00326916 0.07733431)) ;
}
potential ( d2_fatigue | variable133 ) 
{
  data = ((0.510317561 0.178012424 0.092951182 0.032188397 0.104945701 0.001620454 0.039516713 0.001620454 0.013632433 0.008110470 0.001620454 0.001620454 0.013843302)(0.08852043 0.01355582 0.03477995 0.03967513 0.17403977 0.00326916 0.18181040 0.00326916 0.17191620 0.09478909 0.00326916 0.00326916 0.18783658)) ;
}
potential ( d2_insomnia | variable133 ) 
{
  data = ((0.651813011 0.122643701 0.049542434 0.024048974 0.048737347 0.001620454 0.024106262 0.001620454 0.035784051 0.012131815 0.001620454 0.001620454 0.024710590)(0.29016743 0.06314455 0.03735610 0.04301924 0.13378594 0.00326916 0.12790182 0.00326916 0.09780433 0.04417721 0.00326916 0.00326916 0.14956674)) ;
}
potential ( d2_rls | variable133 ) 
{
  data = ((0.749434484 0.112108910 0.042229613 0.015355157 0.042541689 0.001620454 0.009915473 0.001620454 0.011481387 0.004794314 0.001620454 0.001620454 0.005657158)(0.50513663 0.03862957 0.02595596 0.03113601 0.14628527 0.00326916 0.06499433 0.00326916 0.06183520 0.05898014 0.00326916 0.00326916 0.05397025)) ;
}
potential ( d3_loss_interest | variable125 ) 
{
  data = ((0.172568600 0.185569709 0.170415397 0.038468953 0.276225247 0.005402683 0.108418593 0.005402683 0.005697050 0.011354096 0.005402683 0.005402683 0.009671624)(0.865849616 0.073872767 0.023296837 0.003505032 0.016118731 0.001620872 0.005794963 0.001620872 0.001801793 0.001642157 0.001620872 0.001620872 0.001634614)(0.163273730 0.030430912 0.052885193 0.042680138 0.178627761 0.007465188 0.144505447 0.007465188 0.118203012 0.066330457 0.007465188 0.007465188 0.173202598)) ;
}
potential ( d3_loss_activities | variable125 ) 
{
  data = ((0.089484225 0.195699989 0.172288021 0.035938246 0.296569656 0.005402683 0.144785380 0.005402683 0.023754328 0.013664600 0.005402683 0.005402683 0.006204823)(0.767839343 0.109553231 0.047862195 0.008416874 0.030103533 0.001620872 0.004976671 0.001620872 0.014034716 0.005013929 0.001620872 0.001620872 0.005716018)(0.154658588 0.023800569 0.011809867 0.038485059 0.071177127 0.007465188 0.135350140 0.007465188 0.133959023 0.129725738 0.007465188 0.007465188 0.271173135)) ;
}
potential ( d3_anxiety | variable125 ) 
{
  data = ((0.175522281 0.200007535 0.124365511 0.025652381 0.262133833 0.005402683 0.152187229 0.005402683 0.013340057 0.013524555 0.005402683 0.005402683 0.011655886)(0.686107558 0.117667639 0.058208358 0.016260505 0.056131880 0.001620872 0.022939158 0.001620872 0.018156786 0.007220484 0.001620872 0.001620872 0.010824141)(0.210643767 0.040197887 0.022910972 0.038968072 0.080998370 0.007465188 0.131975739 0.007465188 0.099503395 0.082430661 0.007465188 0.007465188 0.262510383)) ;
}
potential ( d3_depression | variable125 ) 
{
  data = ((0.107934182 0.177341156 0.099278115 0.047289851 0.280017848 0.005402683 0.217797164 0.005402683 0.021311727 0.012663120 0.005402683 0.005402683 0.014756106)(0.703771910 0.121731483 0.058132048 0.016000201 0.050809854 0.001620872 0.025138370 0.001620872 0.004994161 0.005080281 0.001620872 0.001620872 0.007858202)(0.133095749 0.015474663 0.013135958 0.025199624 0.088263664 0.007465188 0.143167826 0.007465188 0.119250321 0.130803943 0.007465188 0.007465188 0.301747497)) ;
}
potential ( d3_flat_affect | variable125 ) 
{
  data = ((0.363051859 0.235748363 0.087192445 0.025084390 0.183160831 0.005402683 0.065682613 0.005402683 0.005944242 0.005532667 0.005402683 0.005402683 0.006991860)(0.852527392 0.065543006 0.015435281 0.007643359 0.027566775 0.001620872 0.007072610 0.001620872 0.011849179 0.001620955 0.001620872 0.001620872 0.004257954)(0.349619814 0.051716633 0.024922131 0.034649419 0.112655680 0.007465188 0.108089465 0.007465188 0.108912549 0.059541523 0.007465188 0.007465188 0.120032032)) ;
}
potential ( d3_loss_pleasure | variable125 ) 
{
  data = ((0.228943737 0.260335925 0.125100013 0.013040724 0.248699669 0.005402683 0.057758918 0.005402683 0.022147209 0.016642236 0.005402683 0.005402683 0.005720839)(0.891699883 0.048647150 0.017228212 0.006335246 0.007904607 0.001620872 0.005250355 0.001620872 0.010239173 0.002848855 0.001620872 0.001620872 0.003363029)(0.197740343 0.020907320 0.016541814 0.034919984 0.157445409 0.007465188 0.097570010 0.007465188 0.116334709 0.105722213 0.007465188 0.007465188 0.222957444)) ;
}
potential ( d4_hallucination | variable115 ) 
{
  data = ((0.903790284 0.039198288 0.012910759 0.010282816 0.011441035 0.001246659 0.003229270 0.001246659 0.006715752 0.002483677 0.001246659 0.001246659 0.004961482)(0.22365500 0.13700046 0.08806937 0.03104273 0.25503609 0.00827431 0.09440706 0.00827431 0.04644370 0.04970985 0.00827431 0.00827431 0.04153850)) ;
}
potential ( d4_delusion | variable115 ) 
{
  data = ((0.958492573 0.013542925 0.003445940 0.001246659 0.006135242 0.001246659 0.002389372 0.001246659 0.003049958 0.002134448 0.001246659 0.001246659 0.004576249)(0.41496439 0.11697081 0.05159744 0.00827431 0.12476544 0.00827431 0.09998163 0.00827431 0.02940272 0.07685067 0.00827431 0.00827431 0.04409537)) ;
}
potential ( d4_diplopia | variable115 ) 
{
  data = ((0.895734514 0.033626903 0.017282525 0.009377090 0.018538904 0.001246659 0.003148668 0.001246659 0.009865068 0.001246934 0.001246659 0.001246659 0.006192758)(0.35986576 0.09951001 0.06732745 0.02050559 0.22447482 0.00827431 0.08666772 0.00827431 0.03381541 0.01654679 0.00827431 0.00827431 0.05818922)) ;
}
potential ( d5_loss_concentration | variable106 ) 
{
  data = ((0.149173558 0.076793522 0.062831190 0.046433338 0.261153165 0.004118717 0.149038585 0.004118717 0.070556414 0.056949116 0.004118717 0.004118717 0.110596243)(0.630370174 0.156357040 0.065781490 0.030470568 0.047917204 0.001470143 0.026189597 0.001470143 0.026270460 0.006135045 0.001470143 0.001470143 0.004627850)) ;
}
potential ( d5_forget_explicit | variable106 ) 
{
  data = ((0.019457874 0.067765049 0.065978858 0.026287781 0.324563630 0.004118717 0.203152591 0.004118717 0.111341970 0.058233418 0.004118717 0.004118717 0.106743960)(0.675201000 0.184572111 0.079359385 0.018549505 0.022343063 0.001470143 0.005403895 0.001470143 0.004361669 0.002736338 0.001470143 0.001470143 0.001592463)) ;
}
potential ( d5_forget_implicit | variable106 ) 
{
  data = ((0.100117012 0.092559204 0.070238023 0.059775652 0.270234676 0.004118717 0.169299890 0.004118717 0.056800322 0.061679052 0.004118717 0.004118717 0.102821301)(0.741969663 0.163960893 0.041085536 0.008066421 0.024093631 0.001470143 0.007196343 0.001470143 0.003247870 0.001506446 0.001470143 0.001470143 0.002992624)) ;
}
potential ( d6_drooling | variable97 ) 
{
  data = ((0.704771550 0.142953987 0.020432248 0.024279935 0.048042913 0.001448447 0.017905875 0.001448447 0.020685409 0.004280785 0.001448447 0.001448447 0.010853511)(0.233999379 0.022808314 0.098422857 0.009618281 0.218530761 0.004299127 0.084425736 0.004299127 0.119167083 0.030285495 0.004299127 0.004299127 0.165545587)) ;
}
potential ( d6_swallowing | variable97 ) 
{
  data = ((0.817646464 0.095993707 0.027835750 0.004972036 0.025046078 0.001448447 0.007009939 0.001448447 0.010357878 0.003683556 0.001448447 0.001448447 0.001660804)(0.307393066 0.102003063 0.115140707 0.049729429 0.170711109 0.004299127 0.073774629 0.004299127 0.085333265 0.036357253 0.004299127 0.004299127 0.042360973)) ;
}
potential ( d6_constipation | variable97 ) 
{
  data = ((0.592002472 0.110890092 0.052945620 0.016787617 0.089983856 0.001448447 0.042028686 0.001448447 0.035283757 0.019033715 0.001448447 0.001448447 0.035250397)(0.272068853 0.036293560 0.062107888 0.023257929 0.098345231 0.004299127 0.111706878 0.004299127 0.093034321 0.068180821 0.004299127 0.004299127 0.217808011)) ;
}
potential ( d7_urinary_urgency | variable88 ) 
{
  data = ((0.657226505 0.136311810 0.058127671 0.037417990 0.061433810 0.001616392 0.023964732 0.001616392 0.011831530 0.005516599 0.001616392 0.001616392 0.001703785)(0.149173062 0.044914142 0.046128387 0.022510873 0.226699280 0.003285818 0.145147528 0.003285818 0.136953843 0.057787986 0.003285818 0.003285818 0.157541627)) ;
}
potential ( d7_urinary_frequency | variable88 ) 
{
  data = ((0.706069450 0.109760626 0.055331069 0.032972163 0.064308348 0.001616392 0.005843694 0.001616392 0.013779470 0.003035626 0.001616392 0.001616392 0.002433986)(0.161602443 0.006884749 0.061670804 0.047977488 0.181426068 0.003285818 0.155697613 0.003285818 0.152708961 0.056259697 0.003285818 0.003285818 0.162628903)) ;
}
potential ( d7_nocturia | variable88 ) 
{
  data = ((0.476524342 0.172279394 0.060525451 0.045886632 0.166439058 0.001616392 0.025281486 0.001616392 0.027224541 0.008343701 0.001616392 0.001616392 0.011029827)(0.076206628 0.021086140 0.031396701 0.041439732 0.233393355 0.003285818 0.106326814 0.003285818 0.174664955 0.048755206 0.003285818 0.003285818 0.253587195)) ;
}
potential ( d8_sex_drive | variable80 ) 
{
  data = ((0.039189033 0.192659529 0.118101996 0.072377786 0.326588909 0.007956537 0.142397722 0.007956537 0.042433764 0.024797110 0.007956537 0.007956537 0.009628001)(0.835138033 0.045245592 0.019869502 0.005833159 0.047573684 0.001427137 0.023113016 0.001427137 0.005300800 0.002249670 0.001427137 0.001427137 0.009967994)(0.108477181 0.028119361 0.011257542 0.025690569 0.042132889 0.009122935 0.017403699 0.009122935 0.154656714 0.094030808 0.009122935 0.009122935 0.481739498)) ;
}
potential ( d8_sex_dysfunction | variable80 ) 
{
  data = ((0.048375430 0.176398382 0.116811776 0.068767874 0.347460593 0.007956537 0.106862851 0.007956537 0.065892509 0.020185779 0.007956537 0.007956537 0.017418657)(0.866541218 0.033801552 0.013032494 0.002812035 0.014297383 0.001427137 0.023430863 0.001427137 0.014894712 0.007519421 0.001427137 0.001427137 0.017961772)(0.280363413 0.010444799 0.010827603 0.012650392 0.057583524 0.009122935 0.019624279 0.009122935 0.039061397 0.120369017 0.009122935 0.009122935 0.412583835)) ;
}
potential ( d9_unexplained_pain | variable70 ) 
{
  data = ((0.744455718 0.116602415 0.029824459 0.019498061 0.021387549 0.001567134 0.021811631 0.001567134 0.019787148 0.004525418 0.001567134 0.001567134 0.015839067)(0.389470250 0.058250438 0.052541900 0.005469214 0.162701625 0.003510098 0.077509397 0.003510098 0.071513579 0.039005251 0.003510098 0.003510098 0.129497951)) ;
}
potential ( d9_taste_smell | variable70 ) 
{
  data = ((0.677705849 0.049880315 0.015584163 0.004381560 0.142959423 0.001567134 0.014071793 0.001567134 0.047335374 0.009085259 0.001567134 0.001567134 0.032727731)(0.384533665 0.011130477 0.038806334 0.025287074 0.188760775 0.003510098 0.031663477 0.003510098 0.139684131 0.042832419 0.003510098 0.003510098 0.123261255)) ;
}
potential ( d9_weight_change | variable70 ) 
{
  data = ((0.530285039 0.358735410 0.019684201 0.008265395 0.037881256 0.001567134 0.005975165 0.001567134 0.026025820 0.001669677 0.001567134 0.001567134 0.005209503)(0.254906975 0.302177955 0.029622983 0.037648570 0.164369758 0.003510098 0.028737881 0.003510098 0.057540074 0.020830912 0.003510098 0.003510098 0.090124500)) ;
}
potential ( d9_sweating | variable70 ) 
{
  data = ((0.805394712 0.060131211 0.029974952 0.011454638 0.038708023 0.001567134 0.022512289 0.001567134 0.009386897 0.006179855 0.001567134 0.001567134 0.009988887)(0.417952447 0.047841978 0.031144233 0.016464844 0.169538144 0.003510098 0.051369360 0.003510098 0.087788082 0.056360199 0.003510098 0.003510098 0.107500321)) ;
}
potential ( variable70 | variable179 ) 
{
  data = ((0.1979918 0.8020082)(0.3179009 0.6820991)(0.94842222 0.05157778)) ;
}
potential ( variable80 | variable179 ) 
{
  data = ((0.2227516 0.3897043 0.3875441)(0.08396984 0.69787749 0.21815267)(0.12805846 0.86041947 0.01152207)) ;
}
potential ( variable88 | variable179 ) 
{
  data = ((0.09689672 0.90310328)(0.4546381 0.5453619)(0.8752782 0.1247218)) ;
}
potential ( variable97 | variable179 ) 
{
  data = ((0.2019607 0.7980393)(0.4313519 0.5686481)(0.993120259 0.006879741)) ;
}
potential ( variable106 | variable179 ) 
{
  data = ((0.9434347 0.0565653)(0.2994709 0.7005291)(0.1109112 0.8890888)) ;
}
potential ( variable115 | variable179 ) 
{
  data = ((0.1745188 0.8254812)(0.94045328 0.05954672)(0.98319959 0.01680041)) ;
}
potential ( variable125 | variable179 ) 
{
  data = ((0.48057359 0.03738048 0.48204592)(0.2192820 0.4913491 0.2893690)(0.127660991 0.865520785 0.006818225)) ;
}
potential ( variable133 | variable179 ) 
{
  data = ((0.05871083 0.94128917)(0.2126478 0.7873522)(0.98157505 0.01842495)) ;
}
potential ( variable142 | variable179 ) 
{
  data = ((0.3459572 0.6540428)(0.6801528 0.3198472)(0.9836879 0.0163121)) ;
}
potential ( variable155 | variable188 ) 
{
  data = ((0.704455461 0.105663145 0.034969805 0.008007966 0.003047339 0.143856284)(0.23840395 0.26039011 0.19640085 0.04959704 0.01967179 0.23553626)(0.10710796 0.07205411 0.27970600 0.21939693 0.28266365 0.03907135)) ;
}
potential ( variable164 | variable188 ) 
{
  data = ((0.007870194 0.477255008 0.002686635 0.010352540 0.489183535 0.012652088)(0.047950680 0.027893833 0.004172517 0.850755135 0.004621222 0.064606613)(0.721484153 0.008791894 0.228265511 0.018115786 0.008032712 0.015309943)) ;
}
potential ( variable172 | variable188 ) 
{
  data = ((0.546330776 0.002851790 0.006126662 0.041901974 0.402788798)(0.011566174 0.006855049 0.543634473 0.405925295 0.032019009)(0.009512058 0.743518134 0.097096536 0.118503102 0.031370170)) ;
}
potential ( variable179 | variable196 ) 
{
  data = ((0.009011829 0.115789030 0.875199140)(0.35945107 0.58775032 0.05279861)) ;
}
potential ( variable188 | variable196 ) 
{
  data = ((0.57761968 0.41155654 0.01082378)(0.03364968 0.52486721 0.44148311)) ;
}
potential ( variable196 ) 
{
  data = ( 0.6921016 0.3078984 );
}
