network HLCM560 {
}

variable d1_lightheaded {
	type discrete[13] { 0, 1, 2, 3, 4, 5, 6, 7, 8, 9, 10, 11, 12 };
}

variable d1_fainting {
	type discrete[13] { 0, 1, 2, 3, 4, 5, 6, 7, 8, 9, 10, 11, 12 };
}

variable d2_drowsiness {
	type discrete[13] { 0, 1, 2, 3, 4, 5, 6, 7, 8, 9, 10, 11, 12 };
}

variable d2_fatigue {
	type discrete[13] { 0, 1, 2, 3, 4, 5, 6, 7, 8, 9, 10, 11, 12 };
}

variable d2_insomnia {
	type discrete[13] { 0, 1, 2, 3, 4, 5, 6, 7, 8, 9, 10, 11, 12 };
}

variable d2_rls {
	type discrete[13] { 0, 1, 2, 3, 4, 5, 6, 7, 8, 9, 10, 11, 12 };
}

variable d3_loss_interest {
	type discrete[13] { 0, 1, 2, 3, 4, 5, 6, 7, 8, 9, 10, 11, 12 };
}

variable d3_loss_activities {
	type discrete[13] { 0, 1, 2, 3, 4, 5, 6, 7, 8, 9, 10, 11, 12 };
}

variable d3_anxiety {
	type discrete[13] { 0, 1, 2, 3, 4, 5, 6, 7, 8, 9, 10, 11, 12 };
}

variable d3_depression {
	type discrete[13] { 0, 1, 2, 3, 4, 5, 6, 7, 8, 9, 10, 11, 12 };
}

variable d3_flat_affect {
	type discrete[13] { 0, 1, 2, 3, 4, 5, 6, 7, 8, 9, 10, 11, 12 };
}

variable d3_loss_pleasure {
	type discrete[13] { 0, 1, 2, 3, 4, 5, 6, 7, 8, 9, 10, 11, 12 };
}

variable d4_hallucination {
	type discrete[13] { 0, 1, 2, 3, 4, 5, 6, 7, 8, 9, 10, 11, 12 };
}

variable d4_delusion {
	type discrete[13] { 0, 1, 2, 3, 4, 5, 6, 7, 8, 9, 10, 11, 12 };
}

variable d4_diplopia {
	type discrete[13] { 0, 1, 2, 3, 4, 5, 6, 7, 8, 9, 10, 11, 12 };
}

variable d5_loss_concentration {
	type discrete[13] { 0, 1, 2, 3, 4, 5, 6, 7, 8, 9, 10, 11, 12 };
}

variable d5_forget_explicit {
	type discrete[13] { 0, 1, 2, 3, 4, 5, 6, 7, 8, 9, 10, 11, 12 };
}

variable d5_forget_implicit {
	type discrete[13] { 0, 1, 2, 3, 4, 5, 6, 7, 8, 9, 10, 11, 12 };
}

variable d6_drooling {
	type discrete[13] { 0, 1, 2, 3, 4, 5, 6, 7, 8, 9, 10, 11, 12 };
}

variable d6_swallowing {
	type discrete[13] { 0, 1, 2, 3, 4, 5, 6, 7, 8, 9, 10, 11, 12 };
}

variable d6_constipation {
	type discrete[13] { 0, 1, 2, 3, 4, 5, 6, 7, 8, 9, 10, 11, 12 };
}

variable d7_urinary_urgency {
	type discrete[13] { 0, 1, 2, 3, 4, 5, 6, 7, 8, 9, 10, 11, 12 };
}

variable d7_urinary_frequency {
	type discrete[13] { 0, 1, 2, 3, 4, 5, 6, 7, 8, 9, 10, 11, 12 };
}

variable d7_nocturia {
	type discrete[13] { 0, 1, 2, 3, 4, 5, 6, 7, 8, 9, 10, 11, 12 };
}

variable d8_sex_drive {
	type discrete[13] { 0, 1, 2, 3, 4, 5, 6, 7, 8, 9, 10, 11, 12 };
}

variable d8_sex_dysfunction {
	type discrete[13] { 0, 1, 2, 3, 4, 5, 6, 7, 8, 9, 10, 11, 12 };
}

variable d9_unexplained_pain {
	type discrete[13] { 0, 1, 2, 3, 4, 5, 6, 7, 8, 9, 10, 11, 12 };
}

variable d9_taste_smell {
	type discrete[13] { 0, 1, 2, 3, 4, 5, 6, 7, 8, 9, 10, 11, 12 };
}

variable d9_weight_change {
	type discrete[13] { 0, 1, 2, 3, 4, 5, 6, 7, 8, 9, 10, 11, 12 };
}

variable d9_sweating {
	type discrete[13] { 0, 1, 2, 3, 4, 5, 6, 7, 8, 9, 10, 11, 12 };
}

variable variable47 {
	type discrete[10] { state0, state1, state2, state3, state4, state5, state6, state7, state8, state9 };
}

variable variable56 {
	type discrete[10] { state0, state1, state2, state3, state4, state5, state6, state7, state8, state9 };
}

variable variable65 {
	type discrete[10] { state0, state1, state2, state3, state4, state5, state6, state7, state8, state9 };
}

variable variable74 {
	type discrete[10] { state0, state1, state2, state3, state4, state5, state6, state7, state8, state9 };
}

variable variable83 {
	type discrete[10] { state0, state1, state2, state3, state4, state5, state6, state7, state8, state9 };
}

variable variable92 {
	type discrete[10] { state0, state1, state2, state3, state4, state5, state6, state7, state8, state9 };
}

variable variable101 {
	type discrete[10] { state0, state1, state2, state3, state4, state5, state6, state7, state8, state9 };
}

variable variable110 {
	type discrete[10] { state0, state1, state2, state3, state4, state5, state6, state7, state8, state9 };
}

variable variable119 {
	type discrete[10] { state0, state1, state2, state3, state4, state5, state6, state7, state8, state9 };
}

probability ( d1_lightheaded | variable83 ) {
	(state0) 0.039140448563935164, 0.04183983404904803, 0.08245758842400862, 0.03503958119257091, 0.3322073415182718, 0.034316275504465636, 0.15651299978403116, 0.034316275504465636, 0.08657712981774116, 0.04500834810280977, 0.034316275504465636, 0.034316275504465636, 0.043951626529720775;
	(state1) 0.07505824732361444, 0.07651119670373872, 0.08040094771579767, 0.07369398468448836, 0.07801227396415038, 0.07325766838512315, 0.08185513551660467, 0.07325766838512315, 0.07929758731747447, 0.07865585613660964, 0.07325766838512315, 0.07325766838512315, 0.08348409709702906;
	(state2) 0.07505824732361442, 0.07651119670373871, 0.08040094771579767, 0.07369398468448837, 0.07801227396415038, 0.07325766838512314, 0.08185513551660469, 0.07325766838512314, 0.07929758731747447, 0.07865585613660964, 0.07325766838512314, 0.07325766838512314, 0.08348409709702909;
	(state3) 0.6221220014567163, 0.1272215701248837, 0.06400458059268804, 0.030487966581579082, 0.05469352658444096, 0.0030695807867020383, 0.04359270791206253, 0.0030695807867020383, 0.024854769723455718, 0.011655787453377036, 0.0030695807867020383, 0.0030695807867020383, 0.009088766423988575;
	(state4) 0.07505824732356578, 0.07651119670369975, 0.08040094771584232, 0.07369398468443408, 0.07801227396413375, 0.07325766838506131, 0.08185513551669107, 0.07325766838506131, 0.07929758731752087, 0.07865585613663115, 0.07325766838506131, 0.07325766838506131, 0.08348409709723605;
	(state5) 0.07505824732361442, 0.07651119670373871, 0.0804009477157977, 0.07369398468448837, 0.07801227396415038, 0.07325766838512314, 0.08185513551660469, 0.07325766838512314, 0.07929758731747447, 0.07865585613660964, 0.07325766838512314, 0.07325766838512314, 0.0834840970970291;
	(state6) 0.07505824732361442, 0.0765111967037387, 0.0804009477157977, 0.07369398468448835, 0.07801227396415036, 0.07325766838512311, 0.0818551355166047, 0.07325766838512311, 0.0792975873174745, 0.07865585613660964, 0.07325766838512311, 0.07325766838512311, 0.08348409709702916;
	(state7) 0.07505824732361442, 0.07651119670373871, 0.0804009477157977, 0.07369398468448837, 0.07801227396415038, 0.07325766838512314, 0.08185513551660469, 0.07325766838512314, 0.0792975873174745, 0.07865585613660964, 0.07325766838512314, 0.07325766838512314, 0.08348409709702911;
	(state8) 0.07505824732361442, 0.07651119670373871, 0.08040094771579769, 0.07369398468448836, 0.07801227396415036, 0.07325766838512313, 0.0818551355166047, 0.07325766838512313, 0.07929758731747448, 0.07865585613660964, 0.07325766838512313, 0.07325766838512313, 0.08348409709702911;
	(state9) 0.05473055760755695, 0.05526336332933708, 0.057387524972322704, 0.05423673733839221, 0.05650757360358969, 0.0539700727525581, 0.07642538106757273, 0.0539700727525581, 0.09729873097113759, 0.1282015841811732, 0.0539700727525581, 0.0539700727525581, 0.2040682559186854;
}

probability ( d1_fainting | variable83 ) {
	(state0) 0.08376400013498572, 0.19498534755331173, 0.11329423383633093, 0.05479374844319952, 0.22897106854161872, 0.03431627550446564, 0.07437623304684449, 0.03431627550446564, 0.034890613469939734, 0.035372845536217036, 0.03431627550446564, 0.03431627550446564, 0.04228680741968963;
	(state1) 0.08503836465852653, 0.07640032749784241, 0.07790709965140499, 0.07794935671300299, 0.08113758952237043, 0.07325766838512315, 0.07667988564843102, 0.07325766838512315, 0.07385611049850314, 0.07646606886435617, 0.07325766838512315, 0.07325766838512315, 0.08153452340506971;
	(state2) 0.08503836465852654, 0.0764003274978424, 0.07790709965140499, 0.07794935671300299, 0.08113758952237045, 0.07325766838512314, 0.07667988564843103, 0.07325766838512314, 0.07385611049850313, 0.07646606886435617, 0.07325766838512314, 0.07325766838512314, 0.08153452340506974;
	(state3) 0.923880292913485, 0.018397815672369627, 0.009862794007338485, 0.005903531839920278, 0.009467046237412131, 0.0030695807867020383, 0.005267243743038521, 0.0030695807867020383, 0.0058988416992088, 0.005845617460827369, 0.0030695807867020383, 0.0030695807867020383, 0.0031984932795916686;
	(state4) 0.08503836465869484, 0.07640032749780304, 0.07790709965139146, 0.0779493567130115, 0.08113758952243608, 0.0732576683850613, 0.0766798856483999, 0.0732576683850613, 0.07385611049844776, 0.07646606886433376, 0.0732576683850613, 0.0732576683850613, 0.08153452340523638;
	(state5) 0.08503836465852656, 0.0764003274978424, 0.07790709965140499, 0.07794935671300299, 0.08113758952237045, 0.07325766838512314, 0.07667988564843103, 0.07325766838512314, 0.07385611049850313, 0.07646606886435617, 0.07325766838512314, 0.07325766838512314, 0.08153452340506975;
	(state6) 0.08503836465852661, 0.07640032749784238, 0.07790709965140498, 0.07794935671300299, 0.08113758952237048, 0.07325766838512313, 0.07667988564843102, 0.07325766838512313, 0.07385611049850313, 0.07646606886435615, 0.07325766838512313, 0.07325766838512313, 0.08153452340506981;
	(state7) 0.08503836465852656, 0.0764003274978424, 0.07790709965140499, 0.07794935671300299, 0.08113758952237046, 0.07325766838512314, 0.07667988564843103, 0.07325766838512314, 0.07385611049850313, 0.07646606886435617, 0.07325766838512314, 0.07325766838512314, 0.08153452340506975;
	(state8) 0.08503836465852656, 0.07640032749784238, 0.07790709965140498, 0.07794935671300297, 0.08113758952237043, 0.07325766838512313, 0.076679885648431, 0.07325766838512313, 0.07385611049850313, 0.07646606886435614, 0.07325766838512313, 0.07325766838512313, 0.08153452340506975;
	(state9) 0.07847633231981521, 0.05527123309430722, 0.05619281400465466, 0.05568252045906096, 0.13441375997347238, 0.0539700727525581, 0.09658876310319855, 0.0539700727525581, 0.05420598422413724, 0.09489385847844375, 0.0539700727525581, 0.0539700727525581, 0.15839444333267763;
}

probability ( d2_drowsiness | variable47 ) {
	(state0) 0.0973965722260305, 0.05626172097261382, 0.05516615779116701, 0.055431558243652784, 0.13778643097212226, 0.05460847901844271, 0.10392833354051209, 0.05460847901844271, 0.056755190781888974, 0.16308886428415278, 0.05460847901844271, 0.05460847901844271, 0.05575125511408912;
	(state1) 0.08355890277791375, 0.07712721341905535, 0.07482028629768231, 0.07521762080243671, 0.07871402145382585, 0.07356635289104944, 0.07800251491316237, 0.07356635289104944, 0.07977600805506586, 0.08371918675222975, 0.07356635289104944, 0.07356635289104944, 0.0747988339644302;
	(state2) 0.08355890277791327, 0.07712721341905553, 0.07482028629768243, 0.07521762080243681, 0.0787140214538259, 0.07356635289104956, 0.0780025149131625, 0.07356635289104956, 0.07977600805506631, 0.08371918675222866, 0.07356635289104956, 0.07356635289104956, 0.07479883396443032;
	(state3) 0.49483580490226176, 0.050697026711250946, 0.021856645594122346, 0.018997887063642215, 0.07278950496262682, 0.01165142262942456, 0.15648386082872087, 0.01165142262942456, 0.04722063635235956, 0.0120067768710807, 0.01165142262942456, 0.01165142262942456, 0.07850616619623647;
	(state4) 0.08355890277694095, 0.07712721341941367, 0.0748202862979348, 0.07521762080261535, 0.0787140214539412, 0.07356635289127036, 0.07800251491342321, 0.07356635289127036, 0.07977600805597158, 0.08371918674999344, 0.07356635289127036, 0.07356635289127036, 0.07479883396468434;
	(state5) 0.6348079019278577, 0.12625347703532358, 0.07201162567371068, 0.036885192126137306, 0.05895662795513163, 0.004118794048213425, 0.0183978718202295, 0.004118794048213425, 0.0190377390168522, 0.004420982890142932, 0.004118794048213425, 0.004118794048213425, 0.012753405361760782;
	(state6) 0.2667494547238331, 0.09071540266368126, 0.0377157475107344, 0.055893197138594336, 0.2837538032462221, 0.024683521061451615, 0.07004629925557872, 0.024683521061451615, 0.04391923192333156, 0.026696855983546472, 0.024683521061451615, 0.024683521061451615, 0.025775923308671473;
	(state7) 0.08355890277791496, 0.07712721341905487, 0.07482028629768199, 0.07521762080243649, 0.0787140214538257, 0.07356635289104915, 0.07800251491316204, 0.07356635289104915, 0.07977600805506473, 0.08371918675223256, 0.07356635289104915, 0.07356635289104915, 0.07479883396442988;
	(state8) 0.08355890277791671, 0.07712721341905426, 0.07482028629768156, 0.07521762080243619, 0.07871402145382551, 0.07356635289104878, 0.07800251491316158, 0.07356635289104878, 0.07977600805506313, 0.08371918675223654, 0.07356635289104878, 0.07356635289104878, 0.07479883396442945;
	(state9) 0.083558902777976, 0.07712721341903243, 0.07482028629766616, 0.0752176208024253, 0.07871402145381848, 0.07356635289103532, 0.07800251491314569, 0.07356635289103532, 0.07977600805500794, 0.08371918675237285, 0.07356635289103532, 0.07356635289103532, 0.07479883396441395;
}

probability ( d2_fatigue | variable47 ) {
	(state0) 0.058371213733122804, 0.055631973855353595, 0.07559666590113867, 0.055270107428469946, 0.057364276216088646, 0.0546084790184427, 0.1807670964344598, 0.0546084790184427, 0.05877365149996985, 0.18418675464259787, 0.0546084790184427, 0.0546084790184427, 0.05560434421502807;
	(state1) 0.07619963844365255, 0.07643800791504497, 0.0812453253335495, 0.07457636824598197, 0.07817495737623173, 0.07356635289104946, 0.07850119023699559, 0.07356635289104946, 0.08220795441658696, 0.08359607199029233, 0.07356635289104946, 0.07356635289104946, 0.07479507447746667;
	(state2) 0.07619963844365261, 0.07643800791504514, 0.08124532533354863, 0.07457636824598206, 0.07817495737623187, 0.07356635289104956, 0.07850119023699563, 0.07356635289104956, 0.0822079544165874, 0.08359607199029165, 0.07356635289104956, 0.07356635289104956, 0.07479507447746675;
	(state3) 0.13824755222475277, 0.015828352137838706, 0.02223836203817438, 0.06040767170993819, 0.025963754947845353, 0.01165142262942456, 0.18089353907856737, 0.01165142262942456, 0.1653848552032839, 0.040192203954903735, 0.01165142262942456, 0.01165142262942456, 0.30423801818699736;
	(state4) 0.07619963844380052, 0.076438007915398, 0.08124532533179035, 0.0745763682461906, 0.0781749573765284, 0.07356635289127036, 0.07850119023709488, 0.07356635289127036, 0.08220795441751907, 0.0835960719889312, 0.07356635289127036, 0.07356635289127036, 0.07479507447766555;
	(state5) 0.404864238676084, 0.14048532183772916, 0.11137065330313717, 0.03805522151033772, 0.0973345369181203, 0.004118794048213425, 0.06608304338461807, 0.004118794048213425, 0.048786381862845354, 0.037288134211836875, 0.004118794048213425, 0.004118794048213425, 0.039257292102437696;
	(state6) 0.03836418866809531, 0.0562832270137167, 0.09974870779154797, 0.0365692492954469, 0.41254755795020637, 0.024683521061451618, 0.06707905853804598, 0.024683521061451618, 0.07848650259512797, 0.08161370768706563, 0.024683521061451618, 0.024683521061451618, 0.030573716214940753;
	(state7) 0.07619963844365236, 0.07643800791504453, 0.0812453253335517, 0.0745763682459817, 0.07817495737623134, 0.07356635289104917, 0.07850119023699545, 0.07356635289104917, 0.08220795441658578, 0.08359607199029402, 0.07356635289104917, 0.07356635289104917, 0.0747950744774664;
	(state8) 0.07619963844365209, 0.07643800791504389, 0.08124532533355482, 0.07457636824598132, 0.07817495737623081, 0.07356635289104878, 0.07850119023699527, 0.07356635289104878, 0.08220795441658411, 0.08359607199029644, 0.07356635289104878, 0.07356635289104878, 0.07479507447746606;
	(state9) 0.07619963844364308, 0.07643800791502238, 0.08124532533366204, 0.07457636824596862, 0.07817495737621274, 0.07356635289103532, 0.07850119023698923, 0.07356635289103532, 0.08220795441652733, 0.08359607199037941, 0.07356635289103532, 0.07356635289103532, 0.07479507447745394;
}

probability ( d2_insomnia | variable47 ) {
	(state0) 0.057283234044554716, 0.056033476624325035, 0.057749679907980675, 0.05592516358246695, 0.060317284653056455, 0.05460847901844271, 0.23274556821705822, 0.05460847901844271, 0.10015036597777141, 0.10582375996949436, 0.05460847901844271, 0.05460847901844271, 0.055537550949521494;
	(state1) 0.07710289473395965, 0.07717801887587435, 0.0803737615295947, 0.07609568190924483, 0.0768166836711653, 0.07356635289104944, 0.0796124972782255, 0.07356635289104944, 0.08006964844494338, 0.08370729665096444, 0.07356635289104944, 0.07356635289104944, 0.07477810534183008;
	(state2) 0.07710289473395979, 0.07717801887587453, 0.08037376152959513, 0.07609568190924493, 0.07681668367116534, 0.07356635289104956, 0.0796124972782255, 0.07356635289104956, 0.08006964844494316, 0.0837072966509632, 0.07356635289104956, 0.07356635289104956, 0.07477810534183019;
	(state3) 0.24847014945331325, 0.01761466935012677, 0.022470177744663658, 0.03556852521143714, 0.038869702604474, 0.01165142262942456, 0.1365284664705449, 0.01165142262942456, 0.10944836824244346, 0.017784163070655407, 0.01165142262942456, 0.01165142262942456, 0.32664008733464306;
	(state4) 0.07710289473426774, 0.07717801887625225, 0.08037376153047149, 0.07609568190944839, 0.07681668367125881, 0.07356635289127036, 0.07961249727821698, 0.07356635289127036, 0.08006964844448664, 0.08370729664845716, 0.07356635289127036, 0.07356635289127036, 0.07477810534205902;
	(state5) 0.6154912975403821, 0.13788349150404555, 0.04041612546647714, 0.03513710783521652, 0.06442087956868829, 0.004118794048213425, 0.03075964509635294, 0.004118794048213425, 0.017503260624539982, 0.018220359015857387, 0.004118794048213425, 0.004118794048213425, 0.023692657155586466;
	(state6) 0.04695903116562179, 0.14047074284865907, 0.08999921907872413, 0.05395714604836164, 0.3370190170913338, 0.024683521061451615, 0.07550528340090643, 0.024683521061451615, 0.09854786734524984, 0.031718029617944954, 0.024683521061451615, 0.024683521061451615, 0.02708957915739182;
	(state7) 0.07710289473395926, 0.07717801887587387, 0.0803737615295936, 0.07609568190924457, 0.07681668367116519, 0.07356635289104917, 0.0796124972782255, 0.07356635289104917, 0.08006964844494395, 0.08370729665096757, 0.07356635289104917, 0.07356635289104917, 0.07477810534182977;
	(state8) 0.07710289473395869, 0.07717801887587321, 0.08037376152959204, 0.07609568190924422, 0.07681668367116502, 0.07356635289104878, 0.07961249727822552, 0.07356635289104878, 0.08006964844494475, 0.08370729665097201, 0.07356635289104878, 0.07356635289104878, 0.07477810534182937;
	(state9) 0.07710289473393993, 0.07717801887585017, 0.08037376152953861, 0.0760956819092318, 0.07681668367115932, 0.0735663528910353, 0.07961249727822604, 0.0735663528910353, 0.08006964844497258, 0.08370729665112484, 0.0735663528910353, 0.0735663528910353, 0.07477810534181542;
}

probability ( d2_rls | variable47 ) {
	(state0) 0.07700097717723742, 0.05684645605168503, 0.054975570769295205, 0.09028140765605286, 0.0899544930584236, 0.054608479018442686, 0.10787433259251343, 0.054608479018442686, 0.09714252017452331, 0.15174894960824004, 0.054608479018442686, 0.054608479018442686, 0.055741376838258194;
	(state1) 0.08397530252014429, 0.07745643484176469, 0.07405519225543118, 0.07983275465481376, 0.08267485227902144, 0.07356635289104944, 0.07637787113586159, 0.07356635289104944, 0.07772408821719365, 0.07740025436644536, 0.07356635289104944, 0.07356635289104944, 0.07623783816512625;
	(state2) 0.08397530252014339, 0.07745643484176488, 0.07405519225543128, 0.07983275465481335, 0.08267485227902191, 0.07356635289104956, 0.07637787113586164, 0.07356635289104956, 0.07772408821719351, 0.0774002543664454, 0.07356635289104956, 0.07356635289104956, 0.07623783816512639;
	(state3) 0.5102503640425434, 0.017660756197940858, 0.016962209570573667, 0.058851074172391604, 0.07787960659688317, 0.01165142262942456, 0.0735540382008999, 0.01165142262942456, 0.11555590339308243, 0.06450517054979685, 0.01165142262942456, 0.01165142262942456, 0.018175186758189715;
	(state4) 0.08397530251828625, 0.07745643484213842, 0.07405519225564967, 0.07983275465400264, 0.08267485227999696, 0.07356635289127036, 0.07637787113594956, 0.07356635289127036, 0.07772408821692565, 0.07740025436655376, 0.07356635289127036, 0.07356635289127036, 0.07623783816541567;
	(state5) 0.6808036589138287, 0.14638704997938096, 0.04261159497549049, 0.01098574180518032, 0.039067837246637524, 0.004118794048213425, 0.016735289574307467, 0.004118794048213425, 0.022519813805160428, 0.010365671773275882, 0.004118794048213425, 0.004118794048213425, 0.014048165733884668;
	(state6) 0.2136616814316664, 0.08848416096382057, 0.02843428648612741, 0.07695011254081496, 0.28239102244428793, 0.024683521061451615, 0.035032048962345866, 0.024683521061451615, 0.03694341097794676, 0.04580107863046695, 0.024683521061451615, 0.024683521061451615, 0.09356811331671668;
	(state7) 0.08397530252014662, 0.07745643484176425, 0.07405519225543089, 0.07983275465481476, 0.08267485227902022, 0.07356635289104917, 0.07637787113586147, 0.07356635289104917, 0.07772408821719397, 0.07740025436644521, 0.07356635289104917, 0.07356635289104917, 0.07623783816512587;
	(state8) 0.08397530252014994, 0.07745643484176358, 0.07405519225543052, 0.07983275465481622, 0.0826748522790185, 0.07356635289104879, 0.07637787113586134, 0.07356635289104879, 0.07772408821719448, 0.07740025436644504, 0.07356635289104879, 0.07356635289104879, 0.07623783816512539;
	(state9) 0.08397530252026318, 0.0774564348417408, 0.0740551922554172, 0.07983275465486565, 0.08267485227895904, 0.07356635289103532, 0.07637787113585597, 0.07356635289103532, 0.0777240882172108, 0.07740025436643842, 0.07356635289103532, 0.07356635289103532, 0.07623783816510772;
}

probability ( d3_loss_interest | variable101 ) {
	(state0) 0.07222186753384989, 0.07162896965491519, 0.07444171880073952, 0.1344063849184834, 0.07262950179144852, 0.07141143024707346, 0.07312057250986106, 0.07141143024707346, 0.07188756922397338, 0.07243491450426559, 0.07141143024707346, 0.07141143024707346, 0.07158278007416964;
	(state1) 0.1073161682357017, 0.10543174334072117, 0.11227976559882119, 0.0538603891049869, 0.05588914124650401, 0.05296673833964205, 0.19181103249605713, 0.05296673833964205, 0.05438399582578284, 0.05396924586240137, 0.05296673833964205, 0.05296673833964205, 0.05319156493045556;
	(state2) 0.10283498049376943, 0.04519631870363904, 0.09593534078076447, 0.02389122193128274, 0.14356351724362096, 0.021597890291544995, 0.09265925196254392, 0.021597890291544995, 0.12722493416009445, 0.045542622361222786, 0.021597890291544995, 0.021597890291544995, 0.23676025119688224;
	(state3) 0.07804860082388619, 0.03711312365368283, 0.04007641030856767, 0.03880346952367823, 0.2298446434430378, 0.036984830881078026, 0.21040255253124993, 0.036984830881078026, 0.037208759053588544, 0.14314647899809296, 0.036984830881078026, 0.036984830881078026, 0.037416638139903986;
	(state4) 0.18997696065251832, 0.0664972670805688, 0.06979333911447178, 0.06970496308421978, 0.06835254229394329, 0.06623361218882855, 0.0705405714172221, 0.06623361218882855, 0.06703810476840152, 0.06679282173220663, 0.06623361218882855, 0.06623361218882855, 0.06636898110113372;
	(state5) 0.8130552027084228, 0.08294807385620173, 0.03214899170458633, 0.007213510521872316, 0.021216622177092602, 0.004099957197803166, 0.01084592257053793, 0.004099957197803166, 0.004135051325363117, 0.007935964777999694, 0.004099957197803166, 0.004099957197803166, 0.004100831566710678;
	(state6) 0.07711551651017423, 0.0764948491935871, 0.0781028708123336, 0.07865776945406028, 0.07706207258572786, 0.07624260624097967, 0.07782346754654333, 0.07624260624097967, 0.07660156337456064, 0.07678501936591481, 0.07624260624097967, 0.07624260624097967, 0.0763864461931794;
	(state7) 0.06132766939729327, 0.14129382454852063, 0.2363286381008117, 0.053102649620926506, 0.050957768548016584, 0.05048837988603007, 0.05237178316535092, 0.05048837988603007, 0.05070683460515713, 0.10142862769679793, 0.05048837988603007, 0.05048837988603007, 0.05052868477300516;
	(state8) 0.20224413075045009, 0.15362510754953826, 0.09850960841899481, 0.06960397611072601, 0.22219077157628528, 0.0173201301502931, 0.13139840864583935, 0.0173201301502931, 0.01793417777189313, 0.017673920312937994, 0.0173201301502931, 0.0173201301502931, 0.017539378262162578;
	(state9) 0.07711551651017423, 0.0764948491935871, 0.0781028708123336, 0.07865776945406028, 0.07706207258572786, 0.07624260624097967, 0.07782346754654333, 0.07624260624097967, 0.07660156337456064, 0.07678501936591481, 0.07624260624097967, 0.07624260624097967, 0.0763864461931794;
}

probability ( d3_loss_activities | variable101 ) {
	(state0) 0.07332119987813424, 0.072101478141487, 0.07171457632650073, 0.07161382361718331, 0.07294633777420843, 0.07141143024707346, 0.07308614772411852, 0.07141143024707346, 0.07253456918428774, 0.13404619625844727, 0.07141143024707346, 0.07141143024707346, 0.07298995010733896;
	(state1) 0.05756321547509628, 0.1363008272301949, 0.05369025731665251, 0.05388520867865323, 0.0594220570397877, 0.05296673833964205, 0.21126546841517715, 0.05296673833964205, 0.056077136614485684, 0.05392197588344772, 0.05296673833964205, 0.05296673833964205, 0.10600689998793665;
	(state2) 0.15944307690328774, 0.04517853577449884, 0.02177652973844936, 0.022322791515699637, 0.11829309950126185, 0.021597890291544995, 0.027918264279307863, 0.021597890291544995, 0.13418390970962804, 0.04715759718472367, 0.021597890291544995, 0.021597890291544995, 0.33733463422696314;
	(state3) 0.03965412503361923, 0.038092030678452106, 0.03724856072523368, 0.03854696584020867, 0.08585325247036958, 0.03698483088107801, 0.24546110513649294, 0.03698483088107801, 0.03806216897808098, 0.25524525885098953, 0.03698483088107801, 0.03698483088107801, 0.07389720876224126;
	(state4) 0.07259588250509881, 0.06752410204918446, 0.06656386143949042, 0.1867360485123232, 0.06866572039278561, 0.06623361218882855, 0.06848529341176324, 0.06623361218882855, 0.06896061452301908, 0.06770588496703629, 0.06623361218882855, 0.06623361218882855, 0.06782814344398486;
	(state5) 0.7389629143149307, 0.07735014146188343, 0.062768359378115, 0.004143175550323458, 0.04100891101409639, 0.004099957197803167, 0.013698151792676834, 0.004099957197803167, 0.012379558989557865, 0.015910549282963735, 0.004099957197803167, 0.004099957197803167, 0.017378409424239974;
	(state6) 0.07804106808920591, 0.07698608286413523, 0.07655798843596338, 0.0765153126374518, 0.07722139283099184, 0.07624260624097967, 0.07736953740825211, 0.07624260624097967, 0.0771255535158588, 0.07822272969948905, 0.07624260624097967, 0.07624260624097967, 0.07698990955473325;
	(state7) 0.06294853728605251, 0.05406237350317046, 0.24257093483248382, 0.0506674305200774, 0.05084433129238413, 0.05048837988603007, 0.13079569381650896, 0.05048837988603007, 0.05195314055098779, 0.10200373613827746, 0.05048837988603007, 0.05048837988603007, 0.05220030251593722;
	(state8) 0.1351869415801498, 0.12677310194403116, 0.10113964888579818, 0.07037911337466475, 0.31152904498026646, 0.017320130150293104, 0.10501620574069216, 0.017320130150293104, 0.044526809283203336, 0.018097952164228236, 0.017320130150293104, 0.017320130150293104, 0.018070661445793484;
	(state9) 0.07804106808920591, 0.07698608286413523, 0.07655798843596338, 0.0765153126374518, 0.07722139283099184, 0.07624260624097967, 0.07736953740825211, 0.07624260624097967, 0.0771255535158588, 0.07822272969948905, 0.07624260624097967, 0.07624260624097967, 0.07698990955473325;
}

probability ( d3_anxiety | variable101 ) {
	(state0) 0.13537904057349037, 0.07342318711401408, 0.07171060348106034, 0.07188883351287448, 0.07202423605721418, 0.07141143024707346, 0.07205004409653515, 0.07141143024707346, 0.07317349124953028, 0.07221164900718385, 0.07141143024707346, 0.07141143024707346, 0.07249319391980338;
	(state1) 0.056550460613171254, 0.0553395178969779, 0.05426208687358307, 0.1041297350511204, 0.061442701637191476, 0.05296673833964204, 0.2880076269514214, 0.05296673833964204, 0.054078399852672786, 0.058547071322081506, 0.05296673833964204, 0.05296673833964204, 0.055775446443211966;
	(state2) 0.12836935446125877, 0.0454573678361809, 0.02174417100587692, 0.0222061387401044, 0.04678722477645383, 0.021597890291544995, 0.07507966135139664, 0.021597890291544995, 0.13656076997385244, 0.02204622736597856, 0.021597890291544995, 0.021597890291544995, 0.4153575233227177;
	(state3) 0.07556341072641627, 0.0708100500930475, 0.03705560243979903, 0.0383634765647234, 0.11910375742578364, 0.03698483088107801, 0.2208904806957674, 0.03698483088107801, 0.04430102333815664, 0.1839315006828199, 0.03698483088107801, 0.03698483088107801, 0.06204137450917411;
	(state4) 0.06837755627809851, 0.07150033725378986, 0.06707771763376806, 0.18749186367161666, 0.06727354743631256, 0.06623361218882853, 0.06793700087749523, 0.06623361218882853, 0.0705479498086539, 0.06670597906324427, 0.06623361218882853, 0.06623361218882853, 0.06815359922170681;
	(state5) 0.6143992749918695, 0.09074130449719624, 0.08081524719777473, 0.02449196929492186, 0.08043472028688423, 0.004099957197803167, 0.036155325949062206, 0.004099957197803167, 0.03293713545330289, 0.008202069817812489, 0.004099957197803167, 0.004099957197803167, 0.01542312371996332;
	(state6) 0.07866300425457068, 0.07803562957011106, 0.07664174688750734, 0.07668844679740439, 0.07684859734260549, 0.07624260624097967, 0.07708422027427493, 0.07624260624097967, 0.07736864399071768, 0.07675409535923233, 0.07624260624097967, 0.07624260624097967, 0.07694519055965744;
	(state7) 0.05359581595324026, 0.09196266482887308, 0.300786247147728, 0.050775071590058764, 0.05277570012067737, 0.05048837988603006, 0.052189433973022094, 0.05048837988603006, 0.05172444803510724, 0.09309695402740323, 0.05048837988603006, 0.05048837988603006, 0.05114014477976962;
	(state8) 0.08724886297368756, 0.23949370272312562, 0.02200830430979697, 0.03706641941009282, 0.4113433274283265, 0.017320130150293104, 0.07282899778740748, 0.017320130150293104, 0.022186317745325375, 0.017744761702138557, 0.017320130150293104, 0.017320130150293104, 0.02079878531892662;
	(state9) 0.07866300425457068, 0.07803562957011106, 0.07664174688750734, 0.07668844679740439, 0.07684859734260549, 0.07624260624097967, 0.07708422027427493, 0.07624260624097967, 0.07736864399071768, 0.07675409535923233, 0.07624260624097967, 0.07624260624097967, 0.07694519055965744;
}

probability ( d3_depression | variable101 ) {
	(state0) 0.13489194012179814, 0.07191586809331241, 0.07185120735732199, 0.07285272977217938, 0.07184669953991907, 0.07141143024707346, 0.07237150781927462, 0.07141143024707346, 0.0739726564349906, 0.07273897421748125, 0.07141143024707346, 0.07141143024707346, 0.07191269565542865;
	(state1) 0.05933208445856142, 0.053721718249903155, 0.054183391221011526, 0.05421429338705116, 0.053666830730263335, 0.05296673833964205, 0.31479504178485, 0.05296673833964205, 0.08679178608409, 0.0544713755384702, 0.05296673833964205, 0.05296673833964205, 0.05695652518723101;
	(state2) 0.08996052417245766, 0.021996555121897354, 0.022272139104228362, 0.023151935920499522, 0.04514736906969746, 0.02159789029154499, 0.09736405363905669, 0.02159789029154499, 0.14768958804735097, 0.04180613194853616, 0.02159789029154499, 0.02159789029154499, 0.42422014181009576;
	(state3) 0.038919282161694636, 0.037283154033181914, 0.037139283517204844, 0.03864404305514236, 0.07516317986359297, 0.03698483088107801, 0.1221427881943003, 0.03698483088107801, 0.07052631118185614, 0.3596884147409376, 0.03698483088107801, 0.03698483088107801, 0.07255421972777713;
	(state4) 0.06802298879234119, 0.06716936952858846, 0.06684038474881707, 0.07065761272242037, 0.06682921143512767, 0.06623361218882853, 0.06853000147976647, 0.06623361218882853, 0.19272686599911584, 0.06735485735302264, 0.06623361218882853, 0.06623361218882853, 0.06693425918548614;
	(state5) 0.6158760998992786, 0.09438316048038053, 0.07995157230633505, 0.028648255856754856, 0.07769019617776593, 0.004099957197803166, 0.04593693227543428, 0.004099957197803166, 0.008209121434082301, 0.012083021815994133, 0.004099957197803166, 0.004099957197803166, 0.020821810962761533;
	(state6) 0.07844965583608218, 0.07664155307760988, 0.07668449693244052, 0.07751555786980804, 0.0766548465759748, 0.07624260624097967, 0.0772130839719074, 0.07624260624097967, 0.07808778970804758, 0.07705173598739516, 0.07624260624097967, 0.07624260624097967, 0.07673085507681576;
	(state7) 0.14658611365559426, 0.188387623255968, 0.05563564978227617, 0.05150027189456868, 0.14122980227215887, 0.05048837988603007, 0.06005702537168788, 0.05048837988603007, 0.05235961198374214, 0.05139097689030218, 0.05048837988603007, 0.05048837988603007, 0.05089940534958163;
	(state8) 0.0618295283692056, 0.17624504527566334, 0.05736752159121379, 0.04731456578671209, 0.24407442002181795, 0.017320130150293104, 0.23865154040334666, 0.017320130150293104, 0.027417109761760847, 0.02232406438201278, 0.017320130150293104, 0.017320130150293104, 0.05549568380709452;
	(state9) 0.07844965583608218, 0.07664155307760988, 0.07668449693244052, 0.07751555786980804, 0.0766548465759748, 0.07624260624097967, 0.0772130839719074, 0.07624260624097967, 0.07808778970804758, 0.07705173598739516, 0.07624260624097967, 0.07624260624097967, 0.07673085507681576;
}

probability ( d3_flat_affect | variable101 ) {
	(state0) 0.07332254298341459, 0.07277219509810558, 0.07189416888994733, 0.07175363725297723, 0.07180984597766259, 0.07141143024707346, 0.07230591528932911, 0.07141143024707346, 0.1360103501128542, 0.07179615284201317, 0.07141143024707346, 0.07141143024707346, 0.07268947056540238;
	(state1) 0.058018651157506394, 0.13236021735251915, 0.05509113749558557, 0.05393084531107903, 0.055232312524285794, 0.05296673833964205, 0.27038574346126554, 0.05296673833964205, 0.05574485981003691, 0.05376523933909085, 0.05296673833964205, 0.05296673833964205, 0.05360404019006263;
	(state2) 0.3741272064246409, 0.08852428665618835, 0.02177531754964949, 0.021913297254333313, 0.022252642866712965, 0.021597890291544995, 0.06428192924047588, 0.021597890291544995, 0.07334547236594395, 0.02206529010100178, 0.021597890291544995, 0.021597890291544995, 0.2253229963748734;
	(state3) 0.07734135166758045, 0.07505224078802261, 0.03910955596533334, 0.03825107309091066, 0.21894319475438295, 0.03698483088107801, 0.03958927280574339, 0.03698483088107801, 0.06981486424691749, 0.25649132817710085, 0.03698483088107801, 0.03698483088107801, 0.037467794979696246;
	(state4) 0.06811689311934253, 0.06850390248470188, 0.06723764757316948, 0.06810952834153434, 0.18729363643617863, 0.06623361218882855, 0.06807513275179929, 0.06623361218882855, 0.07198092537954368, 0.06662222155854222, 0.06623361218882855, 0.06623361218882855, 0.06912566359987385;
	(state5) 0.8077088309579297, 0.054788680215262654, 0.020852584086936084, 0.01966617687787419, 0.03514770329434501, 0.004099957197803167, 0.012774110281950682, 0.004099957197803167, 0.021963975810760417, 0.004100209523741045, 0.004099957197803167, 0.004099957197803167, 0.006597900159987567;
	(state6) 0.07754608711668325, 0.07751797646653566, 0.07673259447859661, 0.07675849616354899, 0.0767119617213106, 0.07624260624097967, 0.0769777371625181, 0.07624260624097967, 0.07905645713651839, 0.07655727578396634, 0.07624260624097967, 0.07624260624097967, 0.07717098900640333;
	(state7) 0.05398566477856971, 0.09475408022506857, 0.2979573675694451, 0.05148914419063122, 0.05074642574734293, 0.05048837988603007, 0.09375834330416358, 0.05048837988603007, 0.053498952465092085, 0.05059138484153508, 0.05048837988603007, 0.05048837988603007, 0.05126511733403156;
	(state8) 0.42136745982886314, 0.13936263292225468, 0.06706186098162074, 0.03584937167886189, 0.14866949625712317, 0.017320130150293104, 0.04877596052902013, 0.017320130150293104, 0.02047224741998392, 0.017434987255500557, 0.017320130150293104, 0.017320130150293104, 0.03172546252559936;
	(state9) 0.07754608711668325, 0.07751797646653566, 0.07673259447859661, 0.07675849616354899, 0.0767119617213106, 0.07624260624097967, 0.0769777371625181, 0.07624260624097967, 0.07905645713651839, 0.07655727578396634, 0.07624260624097967, 0.07624260624097967, 0.07717098900640333;
}

probability ( d3_loss_pleasure | variable101 ) {
	(state0) 0.07236521230249517, 0.07171855798228068, 0.07261965043599526, 0.13290577720410568, 0.0752856924610554, 0.07141143024707344, 0.0719453117194104, 0.07141143024707344, 0.07333183507380873, 0.07243520617164918, 0.07141143024707344, 0.07141143024707344, 0.0717470356609055;
	(state1) 0.0853804300636151, 0.05412622087924673, 0.062394475902659785, 0.0531828828911192, 0.06099232966458354, 0.05296673833964204, 0.26478098822640755, 0.05296673833964204, 0.05448350186971038, 0.09943805525236182, 0.05296673833964204, 0.05296673833964204, 0.05335416189172758;
	(state2) 0.14904032349842158, 0.02187128787411186, 0.049470774164718456, 0.022176836450145093, 0.08573057506294932, 0.02159789029154499, 0.043317170353660533, 0.02159789029154499, 0.10920148047005966, 0.04469679098766939, 0.02159789029154499, 0.02159789029154499, 0.3881031999720841;
	(state3) 0.03865533392688978, 0.040903695073981165, 0.0384150037625761, 0.038344211531684255, 0.35901028919255257, 0.036984830881078005, 0.07595950332082226, 0.036984830881078005, 0.03730455608863984, 0.14782886782230348, 0.036984830881078005, 0.036984830881078005, 0.0756392157562384;
	(state4) 0.06826743324961286, 0.0667926946006153, 0.06714609307370262, 0.06681889787782959, 0.19575822365330003, 0.06623361218882853, 0.06776258494042182, 0.06623361218882853, 0.06923682103462178, 0.06685048258091184, 0.06623361218882853, 0.06623361218882853, 0.06643232023366993;
	(state5) 0.8368624327883788, 0.05811993505445461, 0.023140172149996266, 0.008238143130228323, 0.009696605415547102, 0.0040999571978031675, 0.00787860728048672, 0.0040999571978031675, 0.02793031143137496, 0.004154575849418575, 0.0040999571978031675, 0.0040999571978031675, 0.0075793881089020534;
	(state6) 0.07708379891905222, 0.076603328210187, 0.07723529952015018, 0.07764677236832017, 0.07907172619951706, 0.07624260624097967, 0.07677872572052655, 0.07624260624097967, 0.07722299957825524, 0.07687196721526873, 0.07624260624097967, 0.07624260624097967, 0.0765149573048042;
	(state7) 0.05608492662100056, 0.17621273793809566, 0.2532042399449109, 0.05102081351894325, 0.05217678229574677, 0.05048837988603007, 0.05352707103194322, 0.05048837988603007, 0.053102330777315986, 0.05216069867946131, 0.05048837988603007, 0.05048837988603007, 0.050556879648462116;
	(state8) 0.22776462891145743, 0.1761696514502778, 0.08273758689740882, 0.017418686427809586, 0.30638603769553946, 0.017320130150293104, 0.03317032316955881, 0.017320130150293104, 0.03367956657285923, 0.034112285421647764, 0.017320130150293104, 0.017320130150293104, 0.01928071285226866;
	(state9) 0.07708379891905222, 0.076603328210187, 0.07723529952015018, 0.07764677236832017, 0.07907172619951706, 0.07624260624097967, 0.07677872572052655, 0.07624260624097967, 0.07722299957825524, 0.07687196721526873, 0.07624260624097967, 0.07624260624097967, 0.0765149573048042;
}

probability ( d4_hallucination | variable92 ) {
	(state0) 0.32168889540204043, 0.1374596645249316, 0.05197866946665401, 0.08376858186413477, 0.17125757787605875, 0.016058317404074547, 0.08306694050420779, 0.016058317404074547, 0.031514148963670906, 0.03521151970268647, 0.016058317404074547, 0.016058317404074547, 0.019820732079317116;
	(state1) 0.07775073786455818, 0.07610511118396013, 0.0791708650190592, 0.07491427932318208, 0.0811020877698401, 0.07451757715663573, 0.08002140312819134, 0.07451757715663573, 0.07979708327058536, 0.07708897306535896, 0.07451757715663573, 0.07451757715663573, 0.07597915074872177;
	(state2) 0.07775073786455818, 0.07610511118396013, 0.0791708650190592, 0.07491427932318208, 0.0811020877698401, 0.07451757715663573, 0.08002140312819134, 0.07451757715663573, 0.07979708327058536, 0.07708897306535896, 0.07451757715663573, 0.07451757715663573, 0.07597915074872177;
	(state3) 0.07775073786455818, 0.07610511118396013, 0.0791708650190592, 0.07491427932318208, 0.0811020877698401, 0.07451757715663573, 0.08002140312819134, 0.07451757715663573, 0.07979708327058536, 0.07708897306535896, 0.07451757715663573, 0.07451757715663573, 0.07597915074872177;
