network HLCM1126 {
}

variable d1_lightheaded {
	type discrete[13] { 0, 1, 2, 3, 4, 5, 6, 7, 8, 9, 10, 11, 12 };
}

variable d1_fainting {
	type discrete[13] { 0, 1, 2, 3, 4, 5, 6, 7, 8, 9, 10, 11, 12 };
}

variable d2_drowsiness {
	type discrete[13] { 0, 1, 2, 3, 4, 5, 6, 7, 8, 9, 10, 11, 12 };
}

variable d2_fatigue {
	type discrete[13] { 0, 1, 2, 3, 4, 5, 6, 7, 8, 9, 10, 11, 12 };
}

variable d2_insomnia {
	type discrete[13] { 0, 1, 2, 3, 4, 5, 6, 7, 8, 9, 10, 11, 12 };
}

variable d2_rls {
	type discrete[13] { 0, 1, 2, 3, 4, 5, 6, 7, 8, 9, 10, 11, 12 };
}

variable d3_loss_interest {
	type discrete[13] { 0, 1, 2, 3, 4, 5, 6, 7, 8, 9, 10, 11, 12 };
}

variable d3_loss_activities {
	type discrete[13] { 0, 1, 2, 3, 4, 5, 6, 7, 8, 9, 10, 11, 12 };
}

variable d3_anxiety {
	type discrete[13] { 0, 1, 2, 3, 4, 5, 6, 7, 8, 9, 10, 11, 12 };
}

variable d3_depression {
	type discrete[13] { 0, 1, 2, 3, 4, 5, 6, 7, 8, 9, 10, 11, 12 };
}

variable d3_flat_affect {
	type discrete[13] { 0, 1, 2, 3, 4, 5, 6, 7, 8, 9, 10, 11, 12 };
}

variable d3_loss_pleasure {
	type discrete[13] { 0, 1, 2, 3, 4, 5, 6, 7, 8, 9, 10, 11, 12 };
}

variable d4_hallucination {
	type discrete[13] { 0, 1, 2, 3, 4, 5, 6, 7, 8, 9, 10, 11, 12 };
}

variable d4_delusion {
	type discrete[13] { 0, 1, 2, 3, 4, 5, 6, 7, 8, 9, 10, 11, 12 };
}

variable d4_diplopia {
	type discrete[13] { 0, 1, 2, 3, 4, 5, 6, 7, 8, 9, 10, 11, 12 };
}

variable d5_loss_concentration {
	type discrete[13] { 0, 1, 2, 3, 4, 5, 6, 7, 8, 9, 10, 11, 12 };
}

variable d5_forget_explicit {
	type discrete[13] { 0, 1, 2, 3, 4, 5, 6, 7, 8, 9, 10, 11, 12 };
}

variable d5_forget_implicit {
	type discrete[13] { 0, 1, 2, 3, 4, 5, 6, 7, 8, 9, 10, 11, 12 };
}

variable d6_drooling {
	type discrete[13] { 0, 1, 2, 3, 4, 5, 6, 7, 8, 9, 10, 11, 12 };
}

variable d6_swallowing {
	type discrete[13] { 0, 1, 2, 3, 4, 5, 6, 7, 8, 9, 10, 11, 12 };
}

variable d6_constipation {
	type discrete[13] { 0, 1, 2, 3, 4, 5, 6, 7, 8, 9, 10, 11, 12 };
}

variable d7_urinary_urgency {
	type discrete[13] { 0, 1, 2, 3, 4, 5, 6, 7, 8, 9, 10, 11, 12 };
}

variable d7_urinary_frequency {
	type discrete[13] { 0, 1, 2, 3, 4, 5, 6, 7, 8, 9, 10, 11, 12 };
}

variable d7_nocturia {
	type discrete[13] { 0, 1, 2, 3, 4, 5, 6, 7, 8, 9, 10, 11, 12 };
}

variable d8_sex_drive {
	type discrete[13] { 0, 1, 2, 3, 4, 5, 6, 7, 8, 9, 10, 11, 12 };
}

variable d8_sex_dysfunction {
	type discrete[13] { 0, 1, 2, 3, 4, 5, 6, 7, 8, 9, 10, 11, 12 };
}

variable d9_unexplained_pain {
	type discrete[13] { 0, 1, 2, 3, 4, 5, 6, 7, 8, 9, 10, 11, 12 };
}

variable d9_taste_smell {
	type discrete[13] { 0, 1, 2, 3, 4, 5, 6, 7, 8, 9, 10, 11, 12 };
}

variable d9_weight_change {
	type discrete[13] { 0, 1, 2, 3, 4, 5, 6, 7, 8, 9, 10, 11, 12 };
}

variable d9_sweating {
	type discrete[13] { 0, 1, 2, 3, 4, 5, 6, 7, 8, 9, 10, 11, 12 };
}

variable variable168 {
	type discrete[10] { state0, state1, state2, state3, state4, state5, state6, state7, state8, state9 };
}

variable variable177 {
	type discrete[10] { state0, state1, state2, state3, state4, state5, state6, state7, state8, state9 };
}

variable variable186 {
	type discrete[10] { state0, state1, state2, state3, state4, state5, state6, state7, state8, state9 };
}

variable variable195 {
	type discrete[10] { state0, state1, state2, state3, state4, state5, state6, state7, state8, state9 };
}

variable variable204 {
	type discrete[10] { state0, state1, state2, state3, state4, state5, state6, state7, state8, state9 };
}

variable variable213 {
	type discrete[10] { state0, state1, state2, state3, state4, state5, state6, state7, state8, state9 };
}

variable variable222 {
	type discrete[10] { state0, state1, state2, state3, state4, state5, state6, state7, state8, state9 };
}

variable variable231 {
	type discrete[10] { state0, state1, state2, state3, state4, state5, state6, state7, state8, state9 };
}

variable variable240 {
	type discrete[10] { state0, state1, state2, state3, state4, state5, state6, state7, state8, state9 };
}

probability ( d1_lightheaded | variable213 ) {
	(state0) 0.07204549432823171, 0.07352283253595807, 0.084458101385478, 0.07251976991051057, 0.09303937940092497, 0.0670960872826959, 0.08682492504950559, 0.0670960872826959, 0.0797909189948468, 0.07462829131708612, 0.0670960872826959, 0.0670960872826959, 0.09478593794667464;
	(state1) 0.07177608691355518, 0.07327072263706773, 0.08466046009410613, 0.072268233263591, 0.09371523738531096, 0.06675968898948231, 0.08717165811044722, 0.06675968898948231, 0.07967607022461842, 0.07453241368911924, 0.06675968898948231, 0.06675968898948231, 0.09589036172425477;
	(state2) 0.0719774361586618, 0.07345948714506186, 0.08450269393491029, 0.07245477670328264, 0.09321648122790409, 0.06701239383722203, 0.0869194224551681, 0.06701239383722203, 0.07976334765050393, 0.07460155337079381, 0.06701239383722203, 0.06701239383722203, 0.09505522600482536;
	(state3) 0.033797540554990624, 0.19705627515517815, 0.14033464188496522, 0.037098157325993704, 0.2181988142422326, 0.030653871078595976, 0.10696227109285913, 0.030653871078595976, 0.0437760551016945, 0.034667865379164976, 0.030653871078595976, 0.030653871078595976, 0.06549289494853713;
	(state4) 0.07204568772476413, 0.07352301347518028, 0.08445797644603288, 0.07251995408323453, 0.09303888919438011, 0.06709632554921548, 0.0868246628890253, 0.06709632554921548, 0.07979100261068826, 0.07462836446227945, 0.06709632554921548, 0.06709632554921548, 0.09478514691755312;
	(state5) 0.07204958991003234, 0.07352664632224692, 0.08445526407824241, 0.07252366171810576, 0.09302885442143334, 0.06710116831973664, 0.08681927039118237, 0.06710116831973664, 0.07979253110903493, 0.07462985680526911, 0.06710116831973664, 0.06710116831973664, 0.0947696519655062;
	(state6) 0.7811096034105525, 0.04354949551239647, 0.04999759732329295, 0.03161083673976063, 0.04072013775305157, 0.0030009513101348874, 0.012737413819620035, 0.0030009513101348874, 0.010622224682720232, 0.007425797068037861, 0.0030009513101348874, 0.0030009513101348874, 0.010223088450028155;
	(state7) 0.07202239392816223, 0.07350129162466462, 0.0844742425650573, 0.07249786817872411, 0.09309821406365762, 0.06706747792417907, 0.08685641402061113, 0.06706747792417907, 0.07978162592590476, 0.07461963479461035, 0.06706747792417907, 0.06706747792417907, 0.09487840320189156;
	(state8) 0.41911310763475107, 0.34899340715467875, 0.08111589620105149, 0.04325604168274271, 0.0313058751624447, 0.005666999858686247, 0.016050207233066136, 0.005666999858686247, 0.014359450922767537, 0.009462518808620365, 0.005666999858686247, 0.005666999858686247, 0.013675495765132375;
	(state9) 0.03932811598615683, 0.033814014975813315, 0.10473820212950462, 0.09144208762362305, 0.27499989549826986, 0.017804070371085702, 0.13627519327785512, 0.017804070371085702, 0.130994607460396, 0.036423837099975834, 0.017804070371085702, 0.017804070371085702, 0.08076776446406249;
}

probability ( d1_fainting | variable213 ) {
	(state0) 0.09824208107023656, 0.08722356536611049, 0.09121264097746892, 0.07366984136515954, 0.08823194314328808, 0.0670960872826959, 0.09174731709886519, 0.0670960872826959, 0.0670960872826959, 0.0670960872826959, 0.0670960872826959, 0.0670960872826959, 0.0670960872826959;
	(state1) 0.09869233052066094, 0.0875529785671052, 0.091455174076246, 0.07350561868856481, 0.08888859270639388, 0.06675968898948233, 0.09258748251465294, 0.06675968898948233, 0.06675968898948233, 0.06675968898948233, 0.06675968898948233, 0.06675968898948233, 0.06675968898948233;
	(state2) 0.09834092445637796, 0.08730294479401406, 0.09129477837040782, 0.07362549704606076, 0.08839766634874292, 0.06701239383722203, 0.09195143212384227, 0.06701239383722203, 0.06701239383722203, 0.06701239383722203, 0.06701239383722203, 0.06701239383722203, 0.06701239383722203;
	(state3) 0.06824903643406174, 0.41920340385052124, 0.07632490635069283, 0.035308800845728, 0.13210213596739637, 0.030653871078595976, 0.05423461900142794, 0.030653871078595976, 0.030653871078595976, 0.030653871078595976, 0.030653871078595976, 0.030653871078595976, 0.030653871078595976;
	(state4) 0.09824179945275617, 0.08722333935113746, 0.09121242163223453, 0.07366996968765475, 0.08823147238372119, 0.06709632554921548, 0.09174671864798747, 0.06709632554921548, 0.06709632554921548, 0.06709632554921548, 0.06709632554921548, 0.06709632554921548, 0.06709632554921548;
	(state5) 0.09823573732871783, 0.08721876913728466, 0.09120781888484988, 0.07367248327518836, 0.08822213399443722, 0.06710116831973664, 0.09173487914136558, 0.06710116831973664, 0.06710116831973664, 0.06710116831973664, 0.06710116831973664, 0.06710116831973664, 0.06710116831973664;
	(state6) 0.9445631942171046, 0.005498015497419318, 0.010826239268294425, 0.008045249574517774, 0.006418049088187584, 0.003000951310134888, 0.003642593183532272, 0.003000951310134888, 0.003000951310134888, 0.003000951310134888, 0.003000951310134888, 0.003000951310134888, 0.003000951310134888;
	(state7) 0.09827767817071646, 0.08725077866946468, 0.09123868962992894, 0.07365513505769535, 0.08828738900772101, 0.06706747792417907, 0.09181798399522012, 0.06706747792417907, 0.06706747792417907, 0.06706747792417907, 0.06706747792417907, 0.06706747792417907, 0.06706747792417907;
	(state8) 0.8854865567729809, 0.04273010686027007, 0.008976905089644525, 0.007892601872385894, 0.00806244453239493, 0.005666999858686247, 0.007182385861520029, 0.005666999858686247, 0.005666999858686247, 0.005666999858686247, 0.005666999858686247, 0.005666999858686247, 0.005666999858686247;
	(state9) 0.586862376403849, 0.05585863896533318, 0.03823683972547498, 0.038860562588470586, 0.0750867236836515, 0.017804070371085702, 0.08046636603562085, 0.017804070371085702, 0.017804070371085702, 0.017804070371085702, 0.017804070371085702, 0.017804070371085702, 0.017804070371085702;
}

probability ( d2_drowsiness | variable222 ) {
	(state0) 0.26716827453169, 0.03762261910430056, 0.036974570344489255, 0.0404440420070312, 0.1553231628512785, 0.011029118769753675, 0.14147485316682587, 0.011029118769753675, 0.12448017562572164, 0.018006457793134756, 0.011029118769753675, 0.011029118769753675, 0.13438936949651348;
	(state1) 0.06613634133065648, 0.061765294565683276, 0.1327981430557198, 0.06598112227227898, 0.0679188010267804, 0.06001710157276021, 0.11197139072469052, 0.06001710157276021, 0.06308077408600725, 0.061961263891138124, 0.06001710157276021, 0.06001710157276021, 0.1283184627560043;
	(state2) 0.07927132041726662, 0.07600625941502355, 0.08132865055871094, 0.0777744656098246, 0.07950374588548229, 0.07390896150865867, 0.07863187856729857, 0.07390896150865867, 0.07647383654163274, 0.07573347945365423, 0.07390896150865867, 0.07390896150865867, 0.07964051751647172;
	(state3) 0.06442659080758814, 0.10594720455816137, 0.10190364222769373, 0.10291020874670131, 0.05591303373672303, 0.052173225263084176, 0.0568022365203326, 0.052173225263084176, 0.0535094455554012, 0.1898569061803655, 0.052173225263084176, 0.052173225263084176, 0.060037830614696516;
	(state4) 0.5999200995344197, 0.10241119752369465, 0.07919095487186996, 0.06894744856108936, 0.08089680309622672, 0.0024972469237418684, 0.026591509489943793, 0.0024972469237418684, 0.011711728285847987, 0.0092518560028483, 0.0024972469237418684, 0.0024972469237418684, 0.011089414939092143;
	(state5) 0.07927132038700731, 0.0760062593344566, 0.08132865094987836, 0.07777446564205309, 0.07950374597254262, 0.07390896139170251, 0.07863187862340978, 0.07390896139170251, 0.07647383649258627, 0.07573347937914188, 0.07390896139170251, 0.07390896139170251, 0.07964051765211407;
	(state6) 0.1986272494749034, 0.2374318890316487, 0.08570701600123477, 0.05363615750803808, 0.15731080019853436, 0.025549197487697167, 0.05480326503945194, 0.025549197487697167, 0.025896257465975292, 0.03202293770317161, 0.025549197487697167, 0.025549197487697167, 0.05236763762625306;
	(state7) 0.07927132041726682, 0.0760062594150241, 0.08132865055870818, 0.07777446560982437, 0.07950374588548166, 0.07390896150865948, 0.07863187856729816, 0.07390896150865948, 0.07647383654163309, 0.07573347945365476, 0.07390896150865948, 0.07390896150865948, 0.07964051751647076;
	(state8) 0.1643380849527819, 0.016411576748739668, 0.029708572826725343, 0.049309761543764395, 0.35190543103264393, 0.014749196974460504, 0.22373465923875704, 0.014749196974460504, 0.02646871887365915, 0.03892395675179256, 0.014749196974460504, 0.014749196974460504, 0.04020245013329388;
	(state9) 0.07927132041725929, 0.07600625941500383, 0.0813286505588066, 0.07777446560983231, 0.07950374588550363, 0.07390896150863004, 0.07863187856731235, 0.07390896150863004, 0.07647383654162075, 0.07573347945363595, 0.07390896150863004, 0.07390896150863004, 0.07964051751650515;
}

probability ( d2_fatigue | variable222 ) {
	(state0) 0.12787528680765348, 0.017489756661465652, 0.015100165719851802, 0.06819219319503161, 0.021951696978343264, 0.011029118769753675, 0.22801087024133737, 0.011029118769753675, 0.1995688739127872, 0.019701260347219324, 0.011029118769753675, 0.011029118769753675, 0.25799342105729567;
	(state1) 0.06297772316578786, 0.061772007008975054, 0.06150820504359214, 0.10758834388696677, 0.08126033997445033, 0.06001710157276021, 0.17611449522156816, 0.06001710157276021, 0.06364473028516873, 0.06989947266178005, 0.06001710157276021, 0.06001710157276021, 0.07516627646067003;
	(state2) 0.07731057356569397, 0.07590158399179979, 0.07597876020483295, 0.07861781570754492, 0.07757195778603761, 0.07390896150865868, 0.08401359522810124, 0.07390896150865868, 0.07772344780421483, 0.0806156993422792, 0.07390896150865868, 0.07390896150865868, 0.07663072033486086;
	(state3) 0.07047451056333685, 0.0535849890026447, 0.054934413110613874, 0.0552840451992323, 0.05592228213256851, 0.052173225263084176, 0.06819839794654504, 0.052173225263084176, 0.05463762343961132, 0.32389778630431815, 0.052173225263084176, 0.052173225263084176, 0.05437305124879259;
	(state4) 0.5447514065072406, 0.170274861130538, 0.07555357833930602, 0.02645642224294808, 0.09758453259973364, 0.0024972469237418684, 0.03260245088201208, 0.0024972469237418684, 0.028758332812702892, 0.005232455710224344, 0.0024972469237418684, 0.0024972469237418684, 0.008796972080326985;
	(state5) 0.07731057351714901, 0.07590158393042537, 0.07597876011983845, 0.07861781570488559, 0.07757195773047428, 0.07390896139170251, 0.08401359584253498, 0.07390896139170251, 0.07772344775341794, 0.080615699541887, 0.07390896139170251, 0.07390896139170251, 0.0766307202925773;
	(state6) 0.03761653951770918, 0.20090234985350316, 0.11719453137383183, 0.0356646337408205, 0.2988796215323737, 0.025549197487697167, 0.08501628322009946, 0.025549197487697167, 0.05379826563631489, 0.04215797820766112, 0.025549197487697167, 0.025549197487697167, 0.02657300696689741;
	(state7) 0.0773105735656943, 0.0759015839918002, 0.07597876020483352, 0.0786178157075449, 0.07757195778603798, 0.0739089615086595, 0.08401359522809694, 0.0739089615086595, 0.0777234478042152, 0.08061569934227779, 0.0739089615086595, 0.0739089615086595, 0.07663072033486115;
	(state8) 0.04732067391146573, 0.047222417610124544, 0.03833806013215618, 0.02536599711132144, 0.3924843859247208, 0.014749196974460508, 0.12028159394826517, 0.014749196974460508, 0.05854643348735558, 0.1287986870688419, 0.014749196974460508, 0.014749196974460508, 0.08264496290790675;
	(state9) 0.07731057356568205, 0.07590158399178477, 0.07597876020481212, 0.07861781570754436, 0.07757195778602416, 0.07390896150863005, 0.08401359522825172, 0.07390896150863005, 0.07772344780420239, 0.0806156993423278, 0.07390896150863005, 0.07390896150863005, 0.07663072033485056;
}

probability ( d2_insomnia | variable222 ) {
	(state0) 0.2903651079985071, 0.052315740265138175, 0.02473615595098712, 0.04910484841841925, 0.07881691252078013, 0.011029118769753673, 0.0783648126931704, 0.011029118769753673, 0.18426815092427148, 0.03636871671842833, 0.011029118769753673, 0.011029118769753673, 0.16154307943128327;
	(state1) 0.08019895443278369, 0.06254016570177201, 0.08097166372365296, 0.0800918407318594, 0.06402998816869346, 0.06001710157276021, 0.10988916801442042, 0.06001710157276021, 0.11954688438374375, 0.06159330559741697, 0.06001710157276021, 0.06001710157276021, 0.1010696229546165;
	(state2) 0.07978572454051742, 0.07669192076062502, 0.0782214497847997, 0.07732021435598298, 0.07664521718237562, 0.07390896150865868, 0.0788427291020023, 0.07390896150865868, 0.08177329513371469, 0.07584778874884594, 0.07390896150865868, 0.07390896150865868, 0.07923581435650168;
	(state3) 0.07845300824962563, 0.0708157106653071, 0.05609903765822391, 0.053669358524124605, 0.05396419265423357, 0.052173225263084176, 0.06172493245031421, 0.052173225263084176, 0.08117796987588338, 0.1310309763560604, 0.052173225263084176, 0.052173225263084176, 0.2043719125138906;
	(state4) 0.6755054046262123, 0.0948488993092799, 0.04448811098412408, 0.02632003501515844, 0.04519740504396315, 0.002497246923741868, 0.026603479608111904, 0.002497246923741868, 0.04113111959609784, 0.010462345514298367, 0.002497246923741868, 0.002497246923741868, 0.02545421260778645;
	(state5) 0.07978572461009606, 0.07669192069601725, 0.07822144984972146, 0.07732021430978057, 0.0766452171146698, 0.0739089613917025, 0.07884272912314515, 0.0739089613917025, 0.08177329548278763, 0.0758477886729462, 0.0739089613917025, 0.0739089613917025, 0.07923581457402577;
	(state6) 0.054453150591226615, 0.33165292501393656, 0.10240826804459592, 0.02918702204015592, 0.22164662479243746, 0.025549197487697167, 0.04339966571306904, 0.025549197487697167, 0.028678370011075916, 0.05914186322796059, 0.025549197487697167, 0.025549197487697167, 0.0272353206147531;
	(state7) 0.07978572454051693, 0.07669192076062548, 0.07822144978479922, 0.07732021435598331, 0.07664521718237609, 0.0739089615086595, 0.07884272910200214, 0.0739089615086595, 0.08177329513371223, 0.07584778874884647, 0.0739089615086595, 0.0739089615086595, 0.07923581435650014;
	(state8) 0.33751308221964144, 0.040475747246480225, 0.0925699739601461, 0.03418751874004191, 0.1302396214811338, 0.014749196974460504, 0.18085290403954166, 0.014749196974460504, 0.025458299381872683, 0.08193848802301557, 0.014749196974460504, 0.014749196974460504, 0.017767577010284613;
	(state9) 0.07978572454053458, 0.07669192076060917, 0.07822144978481552, 0.07732021435597179, 0.07664521718235906, 0.07390896150863004, 0.07884272910200749, 0.07390896150863004, 0.08177329513380002, 0.07584778874882728, 0.07390896150863004, 0.07390896150863004, 0.07923581435655488;
}

probability ( d2_rls | variable222 ) {
	(state0) 0.5754397494093447, 0.01476337260918311, 0.04310026403455182, 0.03992888432507347, 0.06422154983895909, 0.011029118769753673, 0.03861588718993196, 0.011029118769753673, 0.08587661493009324, 0.019252131067791275, 0.011029118769753673, 0.011029118769753673, 0.07468507151605648;
	(state1) 0.09169530490406905, 0.06608999174191925, 0.10156447225639817, 0.06171551788871024, 0.06474880160952926, 0.06001710157276021, 0.1809299128762356, 0.06001710157276021, 0.06102252606025098, 0.06481628991493193, 0.06001710157276021, 0.06001710157276021, 0.06734877645691462;
	(state2) 0.08113073032221793, 0.07784858456949335, 0.07995779106651564, 0.07586407613043507, 0.078076496424735, 0.07390896150865865, 0.08073287580508806, 0.07390896150865865, 0.07502490136484193, 0.0764234882971812, 0.07390896150865865, 0.07390896150865865, 0.07930520998485702;
	(state3) 0.08134153005921643, 0.0976583610486856, 0.05944111481320274, 0.05352344451357465, 0.05555846289243573, 0.05217322526308417, 0.05840223424447012, 0.05217322526308417, 0.05300461056987088, 0.2304840478990126, 0.05217322526308417, 0.05217322526308417, 0.10189329290719443;
	(state4) 0.7938481031312897, 0.07185103011913108, 0.031127318106811724, 0.014565294609472633, 0.04371755092178319, 0.002497246923741868, 0.012076006598461995, 0.002497246923741868, 0.0076396189275935705, 0.005457412044526587, 0.002497246923741868, 0.002497246923741868, 0.009728677845962106;
	(state5) 0.08113073056554855, 0.0778485845913319, 0.07995779117080394, 0.0758640760399945, 0.07807649638969245, 0.07390896139170251, 0.08073287597336233, 0.07390896139170251, 0.0750249012722606, 0.07642348825366385, 0.07390896139170251, 0.07390896139170251, 0.0793052101765319;
	(state6) 0.12352364597967497, 0.27966810284810256, 0.16215884507017095, 0.02652034037711197, 0.1491665909481198, 0.02554919748769717, 0.028427239333849642, 0.02554919748769717, 0.025818404140472238, 0.03379085540325765, 0.02554919748769717, 0.02554919748769717, 0.06872918594845151;
	(state7) 0.08113073032221625, 0.07784858456949321, 0.07995779106651492, 0.07586407613043572, 0.07807649642473527, 0.0739089615086595, 0.0807328758050869, 0.0739089615086595, 0.0750249013648426, 0.07642348829718153, 0.0739089615086595, 0.0739089615086595, 0.0793052099848557;
	(state8) 0.3926771582272756, 0.040661371551050915, 0.03129236242766384, 0.01989877588451453, 0.25756689476985983, 0.014749196974460508, 0.08918859288577077, 0.014749196974460508, 0.015498613962505216, 0.07540903242886018, 0.014749196974460508, 0.014749196974460508, 0.018810409964657163;
	(state9) 0.08113073032227734, 0.07784858456949864, 0.07995779106654134, 0.07586407613041293, 0.07807649642472646, 0.07390896150863004, 0.08073287580512947, 0.07390896150863004, 0.07502490136481928, 0.07642348829717052, 0.07390896150863004, 0.07390896150863004, 0.07930520998490385;
}

probability ( d3_loss_interest | variable240 ) {
	(state0) 0.0770405701851882, 0.07686737117687602, 0.07692399113897448, 0.07697578333029483, 0.07716170691335228, 0.07682704309540171, 0.0769178124905987, 0.07682704309540171, 0.07694086834562523, 0.07693318856676731, 0.07682704309540171, 0.07682704309540171, 0.0769305354707162;
	(state1) 0.03439025962977095, 0.03386763330920374, 0.033478907873655886, 0.06505503876152521, 0.13022754137526776, 0.03151959333808834, 0.37535380417583203, 0.03151959333808834, 0.032914873972514115, 0.06114574623817528, 0.03151959333808834, 0.03151959333808834, 0.10748782131170168;
	(state2) 0.18432929638678808, 0.06370592373724734, 0.06249675856574702, 0.0627231648848606, 0.03269775354665403, 0.031308452421455926, 0.03248706191411472, 0.031308452421455926, 0.24657359028268266, 0.032891417866120924, 0.031308452421455926, 0.031308452421455926, 0.15686122312996084;
	(state3) 0.9001243007179872, 0.03621276003455535, 0.01787547094353504, 0.0036443159806705703, 0.017760261911433976, 0.00260547063521023, 0.00560563524700365, 0.00260547063521023, 0.0031239528156466216, 0.0026069415035493886, 0.00260547063521023, 0.00260547063521023, 0.0026244783047771813;
	(state4) 0.0770405701851882, 0.07686737117687602, 0.07692399113897448, 0.07697578333029483, 0.07716170691335228, 0.07682704309540171, 0.0769178124905987, 0.07682704309540171, 0.07694086834562523, 0.07693318856676731, 0.07682704309540171, 0.07682704309540171, 0.0769305354707162;
	(state5) 0.09258760740611569, 0.03310664334132325, 0.1683731778066809, 0.0389984957032689, 0.4144441153317459, 0.0110764913409832, 0.05891843557338392, 0.0110764913409832, 0.04277986892824261, 0.022725643361037183, 0.0110764913409832, 0.0110764913409832, 0.08376004718426885;
	(state6) 0.0770405701851882, 0.07686737117687602, 0.07692399113897448, 0.07697578333029483, 0.07716170691335228, 0.07682704309540171, 0.0769178124905987, 0.07682704309540171, 0.07694086834562523, 0.07693318856676731, 0.07682704309540171, 0.07682704309540171, 0.0769305354707162;
	(state7) 0.0770405701851882, 0.07686737117687602, 0.07692399113897448, 0.07697578333029483, 0.07716170691335228, 0.07682704309540171, 0.0769178124905987, 0.07682704309540171, 0.07694086834562523, 0.07693318856676731, 0.07682704309540171, 0.07682704309540171, 0.0769305354707162;
	(state8) 0.07704057018518833, 0.0768673711768759, 0.07692399113897438, 0.07697578333029488, 0.0771617069133529, 0.07682704309540159, 0.07691781249059865, 0.07682704309540159, 0.07694086834562516, 0.07693318856676726, 0.07682704309540159, 0.07682704309540159, 0.07693053547071615;
	(state9) 0.15468944247553681, 0.41098144538859605, 0.11593840642136805, 0.03526667359102885, 0.12410457307559307, 0.011742177337938127, 0.0654877859300634, 0.011742177337938127, 0.011876998199944316, 0.022901219048110027, 0.011742177337938127, 0.011742177337938127, 0.011784746518006865;
}

probability ( d3_loss_activities | variable240 ) {
	(state0) 0.07723903955449814, 0.07692561332015341, 0.07687719961306344, 0.07688403273563531, 0.07686212863131098, 0.07682704309540171, 0.07699243755141409, 0.07682704309540171, 0.07696866308160258, 0.07696895201488423, 0.07682704309540171, 0.07682704309540171, 0.076973761115831;
	(state1) 0.06293961823378338, 0.03348438918247325, 0.032937688739037685, 0.031776456820903166, 0.032535886570027595, 0.03151959333808834, 0.33225161934779046, 0.03151959333808834, 0.03543134046778106, 0.18771972080833282, 0.03151959333808834, 0.03151959333808834, 0.12484490647751717;
	(state2) 0.15741868994608613, 0.09138752942193457, 0.031414449718779935, 0.09110179527398646, 0.03160409007432037, 0.031308452421455926, 0.03249173407566309, 0.031308452421455926, 0.18450813884982503, 0.03141980501620235, 0.031308452421455926, 0.031308452421455926, 0.22341995793737843;
	(state3) 0.7890882371144619, 0.0944674786298809, 0.033283134581088704, 0.015101302051090795, 0.027805682976623183, 0.0026054706352102307, 0.00374933253487629, 0.0026054706352102307, 0.01853422090299755, 0.004821999590483439, 0.0026054706352102307, 0.0026054706352102307, 0.002726729077656521;
	(state4) 0.07723903955449814, 0.07692561332015341, 0.07687719961306344, 0.07688403273563531, 0.07686212863131098, 0.07682704309540171, 0.07699243755141409, 0.07682704309540171, 0.07696866308160258, 0.07696895201488423, 0.07682704309540171, 0.07682704309540171, 0.076973761115831;
	(state5) 0.0378209634263153, 0.03396624332573476, 0.11398777527985167, 0.013655444333510762, 0.3619522667539811, 0.011076491340983203, 0.16530587991496665, 0.011076491340983203, 0.0968724474883928, 0.023127237924085303, 0.011076491340983203, 0.011076491340983203, 0.10900577618922892;
	(state6) 0.07723903955449814, 0.07692561332015341, 0.07687719961306344, 0.07688403273563531, 0.07686212863131098, 0.07682704309540171, 0.07699243755141409, 0.07682704309540171, 0.07696866308160258, 0.07696895201488423, 0.07682704309540171, 0.07682704309540171, 0.076973761115831;
	(state7) 0.07723903955449814, 0.07692561332015341, 0.07687719961306344, 0.07688403273563531, 0.07686212863131098, 0.07682704309540171, 0.07699243755141409, 0.07682704309540171, 0.07696866308160258, 0.07696895201488423, 0.07682704309540171, 0.07682704309540171, 0.076973761115831;
	(state8) 0.07723903955449893, 0.07692561332015334, 0.07687719961306336, 0.07688403273563522, 0.07686212863131088, 0.07682704309540159, 0.07699243755141409, 0.07682704309540159, 0.07696866308160255, 0.07696895201488431, 0.07682704309540159, 0.07682704309540159, 0.076973761115831;
	(state9) 0.07838598577643821, 0.4542864617031284, 0.19824397655294212, 0.03580774627115933, 0.08931654500608967, 0.011742177337938127, 0.0475238268817958, 0.011742177337938127, 0.01308186129791061, 0.024574942908167627, 0.011742177337938127, 0.011742177337938127, 0.011809944250615646;
}

probability ( d3_anxiety | variable240 ) {
	(state0) 0.07703047887428009, 0.07687337990351782, 0.07688974674549433, 0.07693507691929496, 0.07688584780497593, 0.07682704309540171, 0.07696884758495677, 0.07682704309540171, 0.07688835623459628, 0.07733389839909723, 0.07682704309540171, 0.07682704309540171, 0.07688619515217973;
	(state1) 0.15766301505650562, 0.03451900303197573, 0.06286227879495933, 0.04416380963924903, 0.03609402999043504, 0.03151959333808834, 0.28070457114538266, 0.03151959333808834, 0.03280997909857526, 0.1304429420982297, 0.03151959333808834, 0.03151959333808834, 0.09466199779233428;
	(state2) 0.03398220945696265, 0.06233041052173894, 0.031737113307592574, 0.061357460218849365, 0.03311390745530233, 0.03130845242145593, 0.05925140572938438, 0.03130845242145593, 0.18377178321915888, 0.062048191383001286, 0.03130845242145593, 0.03130845242145593, 0.347173709022186;
	(state3) 0.7071903691066297, 0.10789877472967449, 0.04905663048045846, 0.013032011340904629, 0.04843601314932268, 0.0026054706352102303, 0.025040142448366325, 0.0026054706352102303, 0.013064638008964133, 0.010402755303358154, 0.0026054706352102303, 0.0026054706352102303, 0.015456782891480376;
	(state4) 0.07703047887428009, 0.07687337990351782, 0.07688974674549433, 0.07693507691929496, 0.07688584780497593, 0.07682704309540171, 0.07696884758495677, 0.07682704309540171, 0.07688835623459628, 0.07733389839909723, 0.07682704309540171, 0.07682704309540171, 0.07688619515217973;
	(state5) 0.26222291256906793, 0.052838940954319014, 0.08988177194665889, 0.039355823459257526, 0.2298727147352023, 0.011076491340983203, 0.1834645960263536, 0.011076491340983203, 0.03387402885680197, 0.03151116376361059, 0.011076491340983203, 0.011076491340983203, 0.032672082324795404;
	(state6) 0.07703047887428009, 0.07687337990351782, 0.07688974674549433, 0.07693507691929496, 0.07688584780497593, 0.07682704309540171, 0.07696884758495677, 0.07682704309540171, 0.07688835623459628, 0.07733389839909725, 0.07682704309540171, 0.07682704309540171, 0.07688619515217973;
	(state7) 0.07703047887428009, 0.07687337990351782, 0.07688974674549433, 0.07693507691929496, 0.07688584780497593, 0.07682704309540171, 0.07696884758495677, 0.07682704309540171, 0.07688835623459628, 0.07733389839909723, 0.07682704309540171, 0.07682704309540171, 0.07688619515217973;
	(state8) 0.07703047887428012, 0.07687337990351772, 0.07688974674549426, 0.07693507691929491, 0.07688584780497584, 0.07682704309540159, 0.07696884758495676, 0.07682704309540159, 0.0768883562345962, 0.07733389839909817, 0.07682704309540159, 0.07682704309540159, 0.07688619515217965;
	(state9) 0.2912092707803254, 0.36081613172081795, 0.1179487509635012, 0.012648194670461278, 0.11096415133574139, 0.011742177337938127, 0.0237018816296724, 0.011742177337938127, 0.011893077904630869, 0.011849957977501447, 0.011742177337938127, 0.011742177337938127, 0.01199987366559547;
}

probability ( d3_depression | variable240 ) {
	(state0) 0.07697585022926702, 0.07685663155257942, 0.07690415977848329, 0.07691516133149266, 0.07699214288937135, 0.07682704309540171, 0.07696575661836828, 0.07682704309540171, 0.07697629917759967, 0.07721308026886603, 0.07682704309540171, 0.07682704309540171, 0.07689274577236543;
	(state1) 0.15994466808848168, 0.031625481993530574, 0.033692810038108506, 0.034004669981319326, 0.10907849202524403, 0.03151959333808834, 0.22110714278392785, 0.03151959333808834, 0.031914449870173944, 0.15641405678219095, 0.03151959333808834, 0.03151959333808834, 0.09613985508466977;
	(state2) 0.034685615203599494, 0.0620662354686996, 0.06375767392726442, 0.031709529903148216, 0.033007457165387125, 0.031308452421455926, 0.059502211151186604, 0.031308452421455926, 0.18340950436428063, 0.032027582868742875, 0.031308452421455926, 0.031308452421455926, 0.37460038026186737;
	(state3) 0.7180924306650909, 0.12277247121950847, 0.04412923517640425, 0.010676556267304823, 0.046107669251034704, 0.0026054706352102303, 0.026957815721051635, 0.0026054706352102303, 0.003493391507284428, 0.0052109281915235645, 0.0026054706352102303, 0.0026054706352102303, 0.012137619459956244;
	(state4) 0.07697585022926702, 0.07685663155257942, 0.07690415977848329, 0.07691516133149266, 0.07699214288937135, 0.07682704309540171, 0.07696575661836828, 0.07682704309540171, 0.07697629917759967, 0.07721308026886603, 0.07682704309540171, 0.07682704309540171, 0.07689274577236543;
	(state5) 0.17609246254986063, 0.042653465064061306, 0.07066758481818085, 0.06699907636585736, 0.24963504541466844, 0.0110764913409832, 0.24664842233272702, 0.0110764913409832, 0.02218086410745226, 0.04416725576702855, 0.0110764913409832, 0.0110764913409832, 0.036649858216230714;
	(state6) 0.07697585022926703, 0.07685663155257942, 0.07690415977848329, 0.07691516133149266, 0.07699214288937135, 0.07682704309540171, 0.07696575661836828, 0.07682704309540171, 0.07697629917759967, 0.07721308026886603, 0.07682704309540171, 0.07682704309540171, 0.07689274577236543;
	(state7) 0.07697585022926702, 0.07685663155257942, 0.07690415977848329, 0.07691516133149266, 0.07699214288937135, 0.07682704309540171, 0.07696575661836828, 0.07682704309540171, 0.07697629917759967, 0.07721308026886603, 0.07682704309540171, 0.07682704309540171, 0.07689274577236543;
	(state8) 0.076975850229267, 0.07685663155257932, 0.07690415977848322, 0.07691516133149259, 0.07699214288937135, 0.07682704309540159, 0.07696575661836826, 0.07682704309540159, 0.07697629917759974, 0.07721308026886678, 0.07682704309540159, 0.07682704309540159, 0.07689274577236535;
	(state9) 0.21488948829147386, 0.28228733242571163, 0.12414405147734801, 0.04410482874418457, 0.20244068232956147, 0.011742177337938127, 0.017157500833338106, 0.011742177337938127, 0.044342032887890695, 0.011765614576601075, 0.011742177337938127, 0.011742177337938127, 0.011899759082138037;
}

probability ( d3_flat_affect | variable240 ) {
	(state0) 0.07710918938665137, 0.0769092906619295, 0.07685959162376388, 0.0769174809482465, 0.0770130116347761, 0.07682704309540171, 0.07691956999292683, 0.07682704309540171, 0.07695454659455925, 0.07710608557005329, 0.07682704309540171, 0.07682704309540171, 0.07690306120548646;
	(state1) 0.19581894872174802, 0.0333017697904239, 0.06471879230895751, 0.06292370428649269, 0.03315877503362577, 0.03151959333808834, 0.26534311402575894, 0.03151959333808834, 0.09725390056611313, 0.06163287511998767, 0.03151959333808834, 0.03151959333808834, 0.059769746794539086;
	(state2) 0.15919797352374157, 0.06252104004895959, 0.06183087124681886, 0.12400485209077043, 0.06458761217508245, 0.031308452421455926, 0.06299146481660875, 0.031308452421455926, 0.18113565444755156, 0.03179964823738003, 0.031308452421455926, 0.031308452421455926, 0.12669707372726297;
	(state3) 0.8561659133671148, 0.05327858595349888, 0.017003662803721092, 0.00526509262267056, 0.029491288763486237, 0.0026054706352102307, 0.007497833752113155, 0.0026054706352102307, 0.01045522118642386, 0.0026055725059749312, 0.0026054706352102307, 0.0026054706352102307, 0.007814946504155625;
	(state4) 0.07710918938665137, 0.0769092906619295, 0.07685959162376388, 0.0769174809482465, 0.0770130116347761, 0.07682704309540171, 0.07691956999292683, 0.07682704309540171, 0.07695454659455925, 0.07710608557005329, 0.07682704309540171, 0.07682704309540171, 0.07690306120548646;
	(state5) 0.38519464051623403, 0.10225595119711117, 0.03475469341666982, 0.013981473352868088, 0.28856343990437766, 0.011076491340983203, 0.08504574635020042, 0.011076491340983203, 0.023050267205929387, 0.011193450726697321, 0.011076491340983203, 0.011076491340983203, 0.011654371965979415;
	(state6) 0.07710918938665137, 0.0769092906619295, 0.07685959162376388, 0.0769174809482465, 0.0770130116347761, 0.07682704309540171, 0.07691956999292683, 0.07682704309540171, 0.07695454659455925, 0.07710608557005329, 0.07682704309540171, 0.07682704309540171, 0.07690306120548646;
	(state7) 0.07710918938665137, 0.0769092906619295, 0.07685959162376388, 0.0769174809482465, 0.0770130116347761, 0.07682704309540171, 0.07691956999292683, 0.07682704309540171, 0.07695454659455925, 0.07710608557005329, 0.07682704309540171, 0.07682704309540171, 0.07690306120548646;
	(state8) 0.07710918938665154, 0.07690929066192943, 0.07685959162376378, 0.07691748094824644, 0.07701301163477621, 0.07682704309540159, 0.0769195699929268, 0.07682704309540159, 0.07695454659455923, 0.07710608557005387, 0.07682704309540159, 0.07682704309540159, 0.07690306120548639;
	(state9) 0.3558485671806555, 0.40229438868827416, 0.06230238005178224, 0.020595567526554906, 0.06460637758362701, 0.011742177337938127, 0.011834853802443571, 0.011742177337938127, 0.012057722687884008, 0.011744166014631508, 0.011742177337938127, 0.011742177337938127, 0.011747267112394516;
}

probability ( d3_loss_pleasure | variable240 ) {
	(state0) 0.07700532744077737, 0.07689428664923535, 0.07686447745177027, 0.07701349126944308, 0.07686058684498764, 0.07682704309540171, 0.07688660420476404, 0.07682704309540171, 0.0769239000756984, 0.07724384383793445, 0.07682704309540171, 0.07682704309540171, 0.07699930984378259;
	(state1) 0.07450170753278718, 0.03163208430075052, 0.031771381869152314, 0.03397105613594896, 0.06759770701330195, 0.03151959333808834, 0.28363217246137634, 0.03151959333808834, 0.0923909204685564, 0.16849322637817868, 0.03151959333808834, 0.03151959333808834, 0.08993137048759428;
	(state2) 0.03443854837196344, 0.06002056892451053, 0.031354824975705235, 0.09249881846464142, 0.06520943147698162, 0.031308452421455926, 0.09580017785169395, 0.031308452421455926, 0.2168487686648544, 0.06257623351338547, 0.031308452421455926, 0.031308452421455926, 0.2160188180704402;
	(state3) 0.8981442419052749, 0.028752761941514236, 0.017706901136008434, 0.007834239793643708, 0.012741072498420911, 0.0026054706352102303, 0.008057390051756229, 0.0026054706352102303, 0.005554864805062832, 0.005617879684418549, 0.0026054706352102303, 0.0026054706352102303, 0.0051687656430592305;
	(state4) 0.07700532744077737, 0.07689428664923535, 0.07686447745177027, 0.07701349126944308, 0.07686058684498764, 0.07682704309540171, 0.07688660420476404, 0.07682704309540171, 0.0769239000756984, 0.07724384383793445, 0.07682704309540171, 0.07682704309540171, 0.07699930984378259;
	(state5) 0.2750327915716726, 0.11283895552034394, 0.04515955290715754, 0.0314372649655314, 0.3391973987150731, 0.0110764913409832, 0.033575886023825816, 0.0110764913409832, 0.04353386751650803, 0.0389516179532413, 0.0110764913409832, 0.0110764913409832, 0.03596669946271345;
	(state6) 0.07700532744077737, 0.07689428664923535, 0.07686447745177027, 0.07701349126944308, 0.07686058684498764, 0.07682704309540171, 0.07688660420476404, 0.07682704309540171, 0.0769239000756984, 0.07724384383793445, 0.07682704309540171, 0.07682704309540171, 0.07699930984378259;
	(state7) 0.07700532744077737, 0.07689428664923535, 0.07686447745177027, 0.07701349126944308, 0.07686058684498764, 0.07682704309540171, 0.07688660420476404, 0.07682704309540171, 0.0769239000756984, 0.07724384383793445, 0.07682704309540171, 0.07682704309540171, 0.07699930984378259;
	(state8) 0.07700532744077748, 0.07689428664923528, 0.0768644774517702, 0.07701349126944321, 0.07686058684498756, 0.0768270430954016, 0.07688660420476397, 0.0768270430954016, 0.07692390007569834, 0.07724384383793517, 0.0768270430954016, 0.0768270430954016, 0.0769993098437826;
	(state9) 0.30505775883594083, 0.3974985401249894, 0.13051411526885587, 0.013041030900343245, 0.02650305472011756, 0.011742177337938125, 0.03304106494427318, 0.011742177337938125, 0.012610801981850122, 0.022964389567889553, 0.011742177337938125, 0.011742177337938125, 0.011800534303987475;
}

probability ( d4_hallucination | variable204 ) {
	(state0) 0.09311508009526212, 0.07584536995315212, 0.07487889636679888, 0.07691015584074044, 0.07692514411602662, 0.07286354031296817, 0.07775008527084595, 0.07286354031296817, 0.07558880160922421, 0.07496449327797922, 0.07286354031296817, 0.07286354031296817, 0.0825678122180976;
	(state1) 0.09311508149778765, 0.07584536957851011, 0.07487889594449008, 0.07691015542416807, 0.07692514370267288, 0.07286353995152875, 0.07775008494735065, 0.07286353995152875, 0.07558880128935391, 0.07496449287477397, 0.07286353995152875, 0.07286353995152875, 0.0825678149347779;
	(state2) 0.09311508817692415, 0.07584536563349949, 0.07487889134481748, 0.07691015080557659, 0.07692513861805401, 0.0728635361960459, 0.07775008124931256, 0.0728635361960459, 0.07558879823675325, 0.07496448838891627, 0.0728635361960459, 0.0728635361960459, 0.08256785276196273;
	(state3) 0.9040491753202574, 0.03311834427729045, 0.014457339817196012, 0.010651999597033735, 0.005623480222288139, 0.0019453181874776926, 0.0028194750574636954, 0.0019453181874776926, 0.010514706315429253, 0.0033632564523061736, 0.0019453181874776926, 0.0019453181874776926, 0.007620950190824622;
