network HLCM1692 {
}

variable d1_lightheaded {
	type discrete[13] { 0, 1, 2, 3, 4, 5, 6, 7, 8, 9, 10, 11, 12 };
}

variable d1_fainting {
	type discrete[13] { 0, 1, 2, 3, 4, 5, 6, 7, 8, 9, 10, 11, 12 };
}

variable d2_drowsiness {
	type discrete[13] { 0, 1, 2, 3, 4, 5, 6, 7, 8, 9, 10, 11, 12 };
}

variable d2_fatigue {
	type discrete[13] { 0, 1, 2, 3, 4, 5, 6, 7, 8, 9, 10, 11, 12 };
}

variable d2_insomnia {
	type discrete[13] { 0, 1, 2, 3, 4, 5, 6, 7, 8, 9, 10, 11, 12 };
}

variable d2_rls {
	type discrete[13] { 0, 1, 2, 3, 4, 5, 6, 7, 8, 9, 10, 11, 12 };
}

variable d3_loss_interest {
	type discrete[13] { 0, 1, 2, 3, 4, 5, 6, 7, 8, 9, 10, 11, 12 };
}

variable d3_loss_activities {
	type discrete[13] { 0, 1, 2, 3, 4, 5, 6, 7, 8, 9, 10, 11, 12 };
}

variable d3_anxiety {
	type discrete[13] { 0, 1, 2, 3, 4, 5, 6, 7, 8, 9, 10, 11, 12 };
}

variable d3_depression {
	type discrete[13] { 0, 1, 2, 3, 4, 5, 6, 7, 8, 9, 10, 11, 12 };
}

variable d3_flat_affect {
	type discrete[13] { 0, 1, 2, 3, 4, 5, 6, 7, 8, 9, 10, 11, 12 };
}

variable d3_loss_pleasure {
	type discrete[13] { 0, 1, 2, 3, 4, 5, 6, 7, 8, 9, 10, 11, 12 };
}

variable d4_hallucination {
	type discrete[13] { 0, 1, 2, 3, 4, 5, 6, 7, 8, 9, 10, 11, 12 };
}

variable d4_delusion {
	type discrete[13] { 0, 1, 2, 3, 4, 5, 6, 7, 8, 9, 10, 11, 12 };
}

variable d4_diplopia {
	type discrete[13] { 0, 1, 2, 3, 4, 5, 6, 7, 8, 9, 10, 11, 12 };
}

variable d5_loss_concentration {
	type discrete[13] { 0, 1, 2, 3, 4, 5, 6, 7, 8, 9, 10, 11, 12 };
}

variable d5_forget_explicit {
	type discrete[13] { 0, 1, 2, 3, 4, 5, 6, 7, 8, 9, 10, 11, 12 };
}

variable d5_forget_implicit {
	type discrete[13] { 0, 1, 2, 3, 4, 5, 6, 7, 8, 9, 10, 11, 12 };
}

variable d6_drooling {
	type discrete[13] { 0, 1, 2, 3, 4, 5, 6, 7, 8, 9, 10, 11, 12 };
}

variable d6_swallowing {
	type discrete[13] { 0, 1, 2, 3, 4, 5, 6, 7, 8, 9, 10, 11, 12 };
}

variable d6_constipation {
	type discrete[13] { 0, 1, 2, 3, 4, 5, 6, 7, 8, 9, 10, 11, 12 };
}

variable d7_urinary_urgency {
	type discrete[13] { 0, 1, 2, 3, 4, 5, 6, 7, 8, 9, 10, 11, 12 };
}

variable d7_urinary_frequency {
	type discrete[13] { 0, 1, 2, 3, 4, 5, 6, 7, 8, 9, 10, 11, 12 };
}

variable d7_nocturia {
	type discrete[13] { 0, 1, 2, 3, 4, 5, 6, 7, 8, 9, 10, 11, 12 };
}

variable d8_sex_drive {
	type discrete[13] { 0, 1, 2, 3, 4, 5, 6, 7, 8, 9, 10, 11, 12 };
}

variable d8_sex_dysfunction {
	type discrete[13] { 0, 1, 2, 3, 4, 5, 6, 7, 8, 9, 10, 11, 12 };
}

variable d9_unexplained_pain {
	type discrete[13] { 0, 1, 2, 3, 4, 5, 6, 7, 8, 9, 10, 11, 12 };
}

variable d9_taste_smell {
	type discrete[13] { 0, 1, 2, 3, 4, 5, 6, 7, 8, 9, 10, 11, 12 };
}

variable d9_weight_change {
	type discrete[13] { 0, 1, 2, 3, 4, 5, 6, 7, 8, 9, 10, 11, 12 };
}

variable d9_sweating {
	type discrete[13] { 0, 1, 2, 3, 4, 5, 6, 7, 8, 9, 10, 11, 12 };
}

variable variable289 {
	type discrete[10] { state0, state1, state2, state3, state4, state5, state6, state7, state8, state9 };
}

variable variable298 {
	type discrete[10] { state0, state1, state2, state3, state4, state5, state6, state7, state8, state9 };
}

variable variable307 {
	type discrete[10] { state0, state1, state2, state3, state4, state5, state6, state7, state8, state9 };
}

variable variable316 {
	type discrete[10] { state0, state1, state2, state3, state4, state5, state6, state7, state8, state9 };
}

variable variable325 {
	type discrete[10] { state0, state1, state2, state3, state4, state5, state6, state7, state8, state9 };
}

variable variable334 {
	type discrete[10] { state0, state1, state2, state3, state4, state5, state6, state7, state8, state9 };
}

variable variable343 {
	type discrete[10] { state0, state1, state2, state3, state4, state5, state6, state7, state8, state9 };
}

variable variable352 {
	type discrete[10] { state0, state1, state2, state3, state4, state5, state6, state7, state8, state9 };
}

variable variable361 {
	type discrete[10] { state0, state1, state2, state3, state4, state5, state6, state7, state8, state9 };
}

probability ( d1_lightheaded | variable334 ) {
	(state0) 0.07680386075706085, 0.07877498978199694, 0.09475581571081193, 0.06987564121879604, 0.08837507273318597, 0.06507162338701276, 0.08012300991488669, 0.06507162338701276, 0.08683595480680839, 0.07417076499243336, 0.06507162338701276, 0.06507162338701276, 0.08999839653596882;
	(state1) 0.06797962701885293, 0.04393527068715585, 0.13384260885229698, 0.06563576627109731, 0.09590864886740033, 0.01507142579387691, 0.19969793690728777, 0.01507142579387691, 0.1783226539350629, 0.04506986375502644, 0.01507142579387691, 0.01507142579387691, 0.10932192053031169;
	(state2) 0.076803547469036, 0.07877476522736492, 0.09475922406037203, 0.06987489120836897, 0.08837617658356291, 0.06507045208298945, 0.08012337878540592, 0.06507045208298945, 0.08683715318620833, 0.07417013589199818, 0.06507045208298945, 0.06507045208298945, 0.08999891925572498;
	(state3) 0.03472019916532014, 0.03651786509235094, 0.05204482060438474, 0.02675726458280584, 0.46341307312918095, 0.022487411588432007, 0.1874988583708372, 0.022487411588432007, 0.033310825998690084, 0.03610513638960144, 0.022487411588432007, 0.022487411588432007, 0.039682310313100745;
	(state4) 0.04426656068438105, 0.3253231328878248, 0.14970997295670027, 0.04805416225348197, 0.1700226595792036, 0.0273727587892473, 0.05540225378668423, 0.0273727587892473, 0.0317810516532074, 0.02876670603785041, 0.0273727587892473, 0.0273727587892473, 0.03718246500367689;
	(state5) 0.38625707654190805, 0.10982076894350978, 0.14448304686073507, 0.08631221015526577, 0.10886367959381403, 0.006590254399527688, 0.05959830750410079, 0.006590254399527688, 0.03874736744674016, 0.021611740020143547, 0.006590254399527688, 0.006590254399527688, 0.01794478533567206;
	(state6) 0.07678503447308836, 0.07876327789412432, 0.09503319176486161, 0.06982633030376058, 0.088430004066436, 0.06499484669325117, 0.08014242742407078, 0.06499484669325117, 0.08692280263500118, 0.07412123973716186, 0.06499484669325117, 0.06499484669325117, 0.08999630492849066;
	(state7) 0.7370632181608815, 0.14455289377011846, 0.03923763235961562, 0.022131315799725486, 0.02981411238157242, 0.0015553967886026215, 0.007960975571139279, 0.0015553967886026215, 0.006471690668973753, 0.0038606851160625784, 0.0015553967886026215, 0.0015553967886026215, 0.002685889017500287;
	(state8) 0.0477064529050785, 0.04817161863767783, 0.05760910946622418, 0.045886515590982856, 0.07214151756500582, 0.04256648196717159, 0.05528978731243386, 0.04256648196717159, 0.09127054774995663, 0.12904330217343435, 0.04256648196717159, 0.04256648196717159, 0.2826152207305196;
	(state9) 0.07680055502188665, 0.07877330601251419, 0.09480364608717914, 0.06986636912859488, 0.08838859232762176, 0.065056855510836, 0.08012824496722838, 0.065056855510836, 0.08684888224732205, 0.0741616525678675, 0.065056855510836, 0.065056855510836, 0.09000132959644128;
}

probability ( d1_fainting | variable334 ) {
	(state0) 0.09937934584914312, 0.08594703091219982, 0.08539274780515496, 0.08820920912853923, 0.08729203236823678, 0.06507162338701276, 0.08072186763745212, 0.06507162338701276, 0.06644099028084668, 0.07178230942005973, 0.06507162338701276, 0.06507162338701276, 0.07454797305031645;
	(state1) 0.6805857597326349, 0.0463277168635577, 0.0769216151335794, 0.02225225491075878, 0.03557467959013101, 0.01507142579387691, 0.02158216925903901, 0.01507142579387691, 0.01675645766501386, 0.01613421705119276, 0.01507142579387691, 0.01507142579387691, 0.023579426618584705;
	(state2) 0.09938326150602003, 0.08594737056593071, 0.08539334203419117, 0.08821136066606651, 0.0872925097243128, 0.06507045208298945, 0.08072176871982208, 0.06507045208298945, 0.06643983217828155, 0.0717814361346706, 0.06507045208298945, 0.06507045208298945, 0.0745473101387468;
	(state3) 0.19269380296178074, 0.16788081572185878, 0.07130125292332132, 0.027825096182423417, 0.2525341260692759, 0.02248741158843201, 0.12626751157071744, 0.02248741158843201, 0.022643365413859064, 0.02555672438047207, 0.02248741158843201, 0.02248741158843201, 0.023347658422563356;
	(state4) 0.08912148447575975, 0.512331812482926, 0.06327214135723826, 0.04097370576305256, 0.05538413033283932, 0.027372758789247307, 0.0370932273376546, 0.027372758789247307, 0.027529876136739552, 0.03682443503368509, 0.027372758789247307, 0.027372758789247307, 0.027978151923115705;
	(state5) 0.8662590543753537, 0.022487271987586363, 0.022957049955119026, 0.010905125162464994, 0.017195487806745055, 0.006590254399527688, 0.009472956669084273, 0.006590254399527688, 0.010158924031447301, 0.007379536340002463, 0.006590254399527688, 0.006590254399527688, 0.006823576074086128;
	(state6) 0.0996478893554641, 0.08596248677224923, 0.08543423021314664, 0.08839654586279319, 0.08729429842179291, 0.06499484669325117, 0.08070440709897189, 0.06499484669325117, 0.06636498695607003, 0.07172177308948081, 0.06499484669325117, 0.06499484669325117, 0.07449399545702651;
	(state7) 0.9672549536728527, 0.0073594736838715775, 0.0037073309324211767, 0.004943278765903513, 0.0035764572003430103, 0.0015553967886026215, 0.001739517216784886, 0.0015553967886026215, 0.0019247748589858856, 0.0017140959946681442, 0.0015553967886026215, 0.0015553967886026215, 0.0015585305197583815;
	(state8) 0.06751273738768145, 0.055954151312845285, 0.05513126961909279, 0.0650773889464406, 0.1749355897382896, 0.04256648196717159, 0.1736106258467676, 0.04256648196717159, 0.043090562070838244, 0.07717033220706769, 0.04256648196717159, 0.04256648196717159, 0.11725141500229037;
	(state9) 0.09943119138060583, 0.08595268719836928, 0.08539994157633836, 0.08823841618414964, 0.08729617010955917, 0.06505685551083601, 0.08071931600738999, 0.06505685551083601, 0.06642641921207512, 0.07177096124156018, 0.06505685551083601, 0.06505685551083601, 0.07453747504660835;
}

probability ( d2_drowsiness | variable352 ) {
	(state0) 0.0788055800016066, 0.07727275396505943, 0.07756596546652336, 0.07723520593112942, 0.0774965155428114, 0.07486142469180054, 0.07785332614042931, 0.07486142469180054, 0.07781606414400694, 0.07928143314846804, 0.07486142469180054, 0.07486142469180054, 0.07722745689276336;
	(state1) 0.09137492436541049, 0.03490296794235616, 0.06319048450399273, 0.06496430255356442, 0.10796754096618924, 0.03126055192051568, 0.23755558703468005, 0.03126055192051568, 0.06132418364438879, 0.1804872840181893, 0.03126055192051568, 0.03126055192051568, 0.03319051728916607;
	(state2) 0.07880646817147222, 0.07727230719002051, 0.07756540771221136, 0.07723798570193094, 0.07749631529364394, 0.07486017794688651, 0.07785283622513024, 0.07486017794688651, 0.07781563031265358, 0.07928583105432441, 0.07486017794688651, 0.07486017794688651, 0.07722650655106672;
	(state3) 0.0696561923173617, 0.0707195192544948, 0.06951299624521785, 0.06740554059715609, 0.06761852459889603, 0.06359214010893936, 0.06865076893864268, 0.06359214010893936, 0.15497750755829687, 0.10478640614936785, 0.06359214010893936, 0.06359214010893936, 0.07230398390480866;
	(state4) 0.2794225855048466, 0.34090027959287417, 0.1275720656329483, 0.025092661136492375, 0.14881595570642095, 0.0070937476232782945, 0.018943812782237612, 0.0070937476232782945, 0.00762972579058507, 0.014252996076282283, 0.0070937476232782945, 0.0070937476232782945, 0.008994927284199724;
	(state5) 0.07880557969979071, 0.07727275402330543, 0.07756596553187145, 0.07723520545115677, 0.07749651556450769, 0.07486142504775327, 0.07785332623257671, 0.07486142504775327, 0.07781606425481888, 0.07928143201093771, 0.07486142504775327, 0.07486142504775327, 0.0772274570400214;
	(state6) 0.31416901260896174, 0.05715447813120643, 0.04336733276430578, 0.01715333857009984, 0.25589190782354604, 0.01343921230913953, 0.17396962825937606, 0.01343921230913953, 0.014702833830092204, 0.017449089559483044, 0.01343921230913953, 0.01343921230913953, 0.05238552921637081;
	(state7) 0.34946278874942, 0.06616501388164522, 0.0415046687528601, 0.053258026184588754, 0.11239438105512375, 0.0057751960225062215, 0.14134066660351305, 0.0057751960225062215, 0.07596164361705826, 0.01954911163848524, 0.0057751960225062215, 0.0057751960225062215, 0.1172629154272807;
	(state8) 0.0788055796997989, 0.0772727540233024, 0.07756596553186763, 0.07723520545117678, 0.07749651556450639, 0.07486142504774251, 0.07785332623257298, 0.07486142504774251, 0.0778160642548152, 0.07928143201097484, 0.07486142504774251, 0.07486142504774251, 0.07722745704001469;
	(state9) 0.6783525498522874, 0.05188062910258104, 0.05833311909824877, 0.06085653313708511, 0.08535191005595073, 0.0018610860149162883, 0.026189573837528946, 0.0018610860149162883, 0.016974377080484084, 0.004931326323449297, 0.0018610860149162883, 0.0018610860149162883, 0.009685637452719576;
}

probability ( d2_fatigue | variable352 ) {
	(state0) 0.07821674622659508, 0.07569917763334762, 0.07668883466459016, 0.07666233340169332, 0.07819567052515106, 0.07486142469180053, 0.07817968021406757, 0.07486142469180053, 0.07876795080772145, 0.08141507097325287, 0.07486142469180053, 0.07486142469180053, 0.0767288367863786;
	(state1) 0.06542298771089398, 0.032076141017637866, 0.06120256512756919, 0.05084337146803915, 0.036331483404752646, 0.03126055192051568, 0.2124604279502405, 0.03126055192051568, 0.034490632103855424, 0.2728831308850722, 0.03126055192051568, 0.03126055192051568, 0.10924705264987628;
	(state2) 0.07821651758637865, 0.07569810327692567, 0.07668859925792326, 0.07666151138325085, 0.07819582704585318, 0.07486017794688653, 0.07817910036798019, 0.07486017794688653, 0.07876767714110673, 0.08142387091148479, 0.07486017794688653, 0.07486017794688653, 0.07672808124155069;
	(state3) 0.07291303361946841, 0.06447261111362954, 0.06676113949556839, 0.06594301870625163, 0.09405895092983166, 0.06359214010893936, 0.06996181573497481, 0.06359214010893936, 0.16007932734114727, 0.08535171365063718, 0.06359214010893936, 0.06359214010893936, 0.06608982897273365;
	(state4) 0.13497715376354363, 0.37234783890222334, 0.1496759704982514, 0.029876205607939972, 0.17805761922862703, 0.007093747623278292, 0.06754357099339037, 0.007093747623278292, 0.011621133036056764, 0.015116169752360345, 0.007093747623278292, 0.007093747623278292, 0.012409347724493907;
	(state5) 0.07821674617620404, 0.07569917793936998, 0.07668883472505124, 0.07666233358383254, 0.07819567044414716, 0.07486142504775328, 0.0781796802500468, 0.07486142504775328, 0.07876795079284687, 0.08141506893082467, 0.07486142504775328, 0.07486142504775328, 0.07672883696666354;
	(state6) 0.04741092187891193, 0.023723968394306766, 0.09274337113342121, 0.04173159322831753, 0.4767400803273058, 0.013439212309139527, 0.08574164735250721, 0.013439212309139527, 0.03625212798706054, 0.09739292108784812, 0.013439212309139527, 0.013439212309139527, 0.04450651937376281;
	(state7) 0.08572774852428547, 0.011176003309151458, 0.019289249287679628, 0.037138925341458705, 0.025500855361241172, 0.0057751960225062215, 0.17509299446665771, 0.0057751960225062215, 0.2615339850015002, 0.06906313913685465, 0.0057751960225062215, 0.0057751960225062215, 0.292376315481146;
	(state8) 0.0782167461762033, 0.07569917793936072, 0.07668883472504939, 0.07666233358382606, 0.07819567044414898, 0.07486142504774253, 0.07817968025004322, 0.07486142504774253, 0.07876795079284557, 0.08141506893089526, 0.07486142504774253, 0.07486142504774253, 0.0767288369666574;
	(state9) 0.5679694797676443, 0.11115385649148331, 0.06989125583290287, 0.03627770318204064, 0.10085313876905615, 0.001861086014916288, 0.055286271774669715, 0.001861086014916288, 0.021494052949788737, 0.011616503326030366, 0.001861086014916288, 0.001861086014916288, 0.01801339384671875;
}

probability ( d2_insomnia | variable352 ) {
	(state0) 0.07940440079009527, 0.0774504952393089, 0.07712878952918231, 0.0767483560708378, 0.07619997002683476, 0.07486142469180054, 0.07771507345585196, 0.07486142469180054, 0.08027621729420518, 0.07845006094672739, 0.07486142469180054, 0.07486142469180054, 0.07718093787975429;
	(state1) 0.050442092770408835, 0.03330414204488498, 0.03387775385354894, 0.05656993153721141, 0.03783107910748875, 0.03126055192051569, 0.25945636133439426, 0.03126055192051569, 0.15576065778647197, 0.1554399686130678, 0.03126055192051569, 0.03126055192051569, 0.09227580527046035;
	(state2) 0.07940611689649037, 0.07745031518695421, 0.0771283484741895, 0.07674743984321791, 0.07619917642248826, 0.07486017794688651, 0.07771504849024848, 0.07486017794688651, 0.0802762423302788, 0.07845515204614745, 0.07486017794688651, 0.07486017794688651, 0.0771814485224389;
	(state3) 0.13759634747122815, 0.07927859722704407, 0.11485566608660244, 0.06628829816418669, 0.06599704088826942, 0.06359214010893936, 0.0671980827685617, 0.06359214010893936, 0.07492690489892107, 0.06971524875831331, 0.06359214010893936, 0.06359214010893936, 0.06977525330111564;
	(state4) 0.23292524969270714, 0.4041789102500365, 0.12803237714004378, 0.01577218556875934, 0.07225663491065416, 0.007093747623278292, 0.026676242048032827, 0.007093747623278292, 0.049006583818204726, 0.022725355325930528, 0.007093747623278292, 0.007093747623278292, 0.02005147075251763;
	(state5) 0.07940440024659186, 0.07745049523912867, 0.0771287896811792, 0.0767483562716541, 0.07619997023876693, 0.07486142504775328, 0.0777150734282033, 0.07486142504775328, 0.08027621703645155, 0.07845005991273618, 0.07486142504775328, 0.07486142504775328, 0.07718093775427506;
	(state6) 0.0685654089556317, 0.06821296131243627, 0.09419468670314456, 0.044215507189661434, 0.38342898524709446, 0.013439212309139527, 0.18573261247384296, 0.013439212309139527, 0.016336878385619962, 0.0632464473687885, 0.013439212309139527, 0.013439212309139527, 0.022309663127221994;
	(state7) 0.3630549032668199, 0.042554190524840725, 0.018522051047293937, 0.048823187260441124, 0.0669181429746788, 0.0057751960225062215, 0.08345303690949203, 0.0057751960225062215, 0.11908203089855855, 0.021250628627957253, 0.0057751960225062215, 0.0057751960225062215, 0.21324104439989278;
	(state8) 0.07940440024660764, 0.0774504952391277, 0.07712878968117504, 0.07674835627164692, 0.07619997023876024, 0.07486142504774253, 0.07771507342820347, 0.07486142504774253, 0.08027621703645449, 0.07845005991277508, 0.07486142504774253, 0.07486142504774253, 0.07718093775427935;
	(state9) 0.7261551694822954, 0.05048886433891129, 0.027403089910848683, 0.028064756232180847, 0.04164501887635306, 0.001861086014916288, 0.030633513176332436, 0.001861086014916288, 0.038722054722298595, 0.013307050600212457, 0.001861086014916288, 0.001861086014916288, 0.03613613860090202;
}

probability ( d2_rls | variable352 ) {
	(state0) 0.07910115352264466, 0.07848280650453496, 0.07574487749569189, 0.07860788663812278, 0.07817017967680658, 0.07486142469180054, 0.07814964234957238, 0.07486142469180054, 0.07556488491513921, 0.07891802543103459, 0.07486142469180054, 0.07486142469180054, 0.07781484469925079;
	(state1) 0.13449011756182488, 0.065212147836466, 0.03224791098713955, 0.09505572398269312, 0.1485307914305104, 0.03126055192051568, 0.11855814027109866, 0.03126055192051568, 0.06165054309775203, 0.18583528541145297, 0.03126055192051568, 0.03126055192051568, 0.033377131738999595;
	(state2) 0.07910232852376306, 0.07848643540279758, 0.07574369285844675, 0.07860778201113201, 0.07816973460678599, 0.07486017794688651, 0.07814872401907383, 0.07486017794688651, 0.07556415822059291, 0.07892189000090875, 0.07486017794688651, 0.07486017794688651, 0.07781454256895298;
	(state3) 0.07320597409064024, 0.08218857133872881, 0.06462398850843858, 0.0672781964913261, 0.1470454640366437, 0.06359214010893936, 0.06752930616258693, 0.06359214010893936, 0.06592716064822565, 0.10949594046860771, 0.06359214010893936, 0.06359214010893936, 0.06833683781904479;
	(state4) 0.4861595407292392, 0.26915241959585057, 0.07309055687540038, 0.02807633770847839, 0.06994954172251598, 0.007093747623278294, 0.014644575347635731, 0.007093747623278294, 0.008363043744937427, 0.013847909768512155, 0.007093747623278294, 0.007093747623278294, 0.008341084014317006;
	(state5) 0.07910115320605246, 0.07848280580375137, 0.07574487781330089, 0.07860788652995493, 0.07817017978000612, 0.07486142504775328, 0.07814964247405383, 0.07486142504775328, 0.07556488513392184, 0.07891802439430501, 0.07486142504775328, 0.07486142504775328, 0.07781484467364048;
	(state6) 0.20351678401814538, 0.05111243160199977, 0.03256371451749907, 0.029255414952726176, 0.37557673598447955, 0.013439212309139527, 0.11722996221310775, 0.013439212309139527, 0.014191968739312992, 0.054517911085559485, 0.013439212309139527, 0.013439212309139527, 0.06827822765061171;
	(state7) 0.614272906503546, 0.014980712261054907, 0.024612857962026738, 0.028482982140473734, 0.05581963132869251, 0.0057751960225062215, 0.030572080548222438, 0.0057751960225062215, 0.09465858668064693, 0.04521376222443592, 0.0057751960225062215, 0.0057751960225062215, 0.06828569626087591;
	(state8) 0.07910115320606248, 0.07848280580377844, 0.07574487781329094, 0.07860788652995558, 0.07817017978000247, 0.07486142504774254, 0.07814964247404739, 0.07486142504774254, 0.07556488513391545, 0.07891802439433812, 0.07486142504774254, 0.07486142504774254, 0.07781484467363917;
	(state9) 0.7914807885904824, 0.06902490561154169, 0.03520543052761022, 0.014208205602540745, 0.03775588277636964, 0.0018610860149162872, 0.016542646487626874, 0.0018610860149162872, 0.01549921903646946, 0.0061023026916192345, 0.0018610860149162872, 0.0018610860149162872, 0.006736274616074249;
}

probability ( d3_loss_interest | variable307 ) {
	(state0) 0.5294279232140718, 0.02692331462649682, 0.12419259695810116, 0.04971460225550507, 0.029277707633370936, 0.024793781465938698, 0.06231089711260143, 0.024793781465938698, 0.026588039550262857, 0.026447252196340518, 0.024793781465938698, 0.024793781465938698, 0.02594254058949435;
	(state1) 0.0772836961844306, 0.07659216918302914, 0.07843058798885888, 0.08116184187940186, 0.07706139812374578, 0.07520350345347104, 0.0777173551736013, 0.07520350345347104, 0.07703309438355312, 0.07746653808355264, 0.07520350345347104, 0.07520350345347104, 0.07643930518594241;
	(state2) 0.07282140148516833, 0.0719029419589117, 0.07431626357716406, 0.07760433195742548, 0.07276826235768738, 0.07076265523637129, 0.07506750001842968, 0.07076265523637129, 0.07216697168636277, 0.12841597046637318, 0.07076265523637129, 0.07076265523637129, 0.0718857355469921;
	(state3) 0.07093857409899901, 0.030749508552725305, 0.1083459507446741, 0.052542233137597955, 0.15951508069674358, 0.027823613485973238, 0.12414184818470281, 0.027823613485973238, 0.28285870855951856, 0.02904497347381946, 0.027823613485973238, 0.027823613485973238, 0.030568668607326308;
	(state4) 0.33465942086213185, 0.3266671787434881, 0.11995786771568412, 0.029738432790788298, 0.11141290395583633, 0.0056833800053320725, 0.03724081924440851, 0.0056833800053320725, 0.005707912688255169, 0.0061651294705247, 0.0056833800053320725, 0.0056833800053320725, 0.005716814507554497;
	(state5) 0.0772836961844306, 0.07659216918302914, 0.07843058798885888, 0.08116184187940187, 0.07706139812374578, 0.07520350345347104, 0.0777173551736013, 0.07520350345347104, 0.07703309438355312, 0.07746653808355264, 0.07520350345347104, 0.07520350345347104, 0.07643930518594241;
	(state6) 0.9106920967585663, 0.0326999368474293, 0.013978685227785335, 0.0036983961886955154, 0.02081093747567637, 0.0018505375678475185, 0.004481936011036355, 0.0018505375678475185, 0.001869677251889369, 0.0024475661712454275, 0.0018505375678475185, 0.0018505375678475185, 0.0019186177962859593;
	(state7) 0.06725431074082093, 0.03245898155888361, 0.033269260721542064, 0.06919717386611939, 0.2807324330800746, 0.03101829836000857, 0.09928128310357458, 0.03101829836000857, 0.03208898240540539, 0.195613402780047, 0.03101829836000857, 0.03101829836000857, 0.06603097830349816;
	(state8) 0.12462972718660895, 0.060125038828965374, 0.03624242433766341, 0.033562270639098085, 0.11939421718761546, 0.01643483715908531, 0.09173951407917723, 0.01643483715908531, 0.0950138600443703, 0.05275446777741028, 0.01643483715908531, 0.01643483715908531, 0.3207991312827497;
	(state9) 0.0721257944052552, 0.058689109178724434, 0.1593012064709424, 0.0332796169649677, 0.3464303502321783, 0.009942353003474503, 0.22012473214038403, 0.009942353003474503, 0.01851829991964896, 0.010845064420445045, 0.009942353003474503, 0.009942353003474503, 0.04091641425355589;
}

probability ( d3_loss_activities | variable307 ) {
	(state0) 0.5226071468136755, 0.0633199467207298, 0.06746528249628878, 0.07781244438081429, 0.03505678052697417, 0.024793781465938698, 0.03374581556529853, 0.024793781465938698, 0.026118582542077703, 0.027020558617095663, 0.024793781465938698, 0.024793781465938698, 0.047678316473290676;
	(state1) 0.07645730267938247, 0.07709589277176382, 0.0763702559053557, 0.07708188663406632, 0.08006819627349404, 0.07520350345347106, 0.07842437619782336, 0.07520350345347106, 0.07767062311569538, 0.07902190820399621, 0.07520350345347106, 0.07520350345347106, 0.07699554440453855;
	(state2) 0.0720518772912955, 0.07431139252142818, 0.07252954242222427, 0.0720549698800753, 0.07679731994445077, 0.0707626552363713, 0.07384905663440822, 0.0707626552363713, 0.07263943198869595, 0.13036277412566252, 0.0707626552363713, 0.0707626552363713, 0.07235301424627415;
	(state3) 0.06561595546567299, 0.029123929513273136, 0.029247051426048706, 0.08333774691549345, 0.10225078258517054, 0.027823613485973238, 0.11071561917649785, 0.027823613485973238, 0.3290611949449004, 0.05003893476621582, 0.027823613485973238, 0.027823613485973238, 0.08931433126283429;
	(state4) 0.1445555494204059, 0.4308100173414428, 0.1998996519011206, 0.029061262562885735, 0.11319358425207622, 0.005683380005332073, 0.032972708853455275, 0.005683380005332073, 0.013939196037739339, 0.006838491299920378, 0.005683380005332073, 0.005683380005332073, 0.0059960183096255115;
	(state5) 0.07645730267938246, 0.07709589277176382, 0.0763702559053557, 0.0770818866340663, 0.08006819627349405, 0.07520350345347104, 0.07842437619782335, 0.07520350345347104, 0.07767062311569535, 0.0790219082039962, 0.07520350345347104, 0.07520350345347104, 0.07699554440453854;
	(state6) 0.8415027116392018, 0.04460101260209726, 0.031414619245046724, 0.007637003510173242, 0.031123109183743516, 0.0018505375678475185, 0.006060472858777176, 0.0018505375678475185, 0.016819294944782997, 0.006746994310991024, 0.0018505375678475185, 0.0018505375678475185, 0.006692631433796362;
	(state7) 0.06359835813248113, 0.03197740570511498, 0.03484505704548234, 0.03184653287608986, 0.07857591919986026, 0.03101829836000857, 0.08472290376802007, 0.03101829836000857, 0.03282320310297729, 0.42493449317613174, 0.03101829836000857, 0.03101829836000857, 0.09260293355380801;
	(state8) 0.13152761219206419, 0.04899249161177581, 0.01773005311986701, 0.029491199908264487, 0.04839820114452748, 0.01643483715908531, 0.036106312044215154, 0.01643483715908531, 0.10313279710481187, 0.04549804371955361, 0.01643483715908531, 0.01643483715908531, 0.4733839405185791;
	(state9) 0.012822586756127819, 0.03364105093734436, 0.08770142212734558, 0.027209829596209358, 0.392557597464119, 0.009942353003474505, 0.32338066274139277, 0.009942353003474505, 0.0313463262153719, 0.01840205375926344, 0.009942353003474505, 0.009942353003474505, 0.03316905838892782;
}

probability ( d3_anxiety | variable307 ) {
	(state0) 0.09297123084710136, 0.07932701533464648, 0.13044700953665575, 0.12489675227554561, 0.15608789012096988, 0.0247937814659387, 0.09616821591352327, 0.0247937814659387, 0.026156032935074215, 0.07473201152601827, 0.0247937814659387, 0.0247937814659387, 0.12003871564671033;
	(state1) 0.07892797602110202, 0.07625534176014787, 0.07898338698483592, 0.07999209539012646, 0.07652205095764633, 0.07520350345347106, 0.07798920440055346, 0.07520350345347106, 0.07708251954521915, 0.07623506021541915, 0.07520350345347106, 0.07520350345347106, 0.0771983509110655;
	(state2) 0.07527224793514112, 0.07191223143270785, 0.13207855995304763, 0.07612947748781047, 0.07186881061267845, 0.07076265523637129, 0.07313733566078397, 0.07076265523637129, 0.07202223360239829, 0.07187903998162079, 0.07076265523637129, 0.07076265523637129, 0.07264944238832612;
	(state3) 0.1690430082289105, 0.05722179229212103, 0.029094143446550813, 0.02982871868650118, 0.09673832466274424, 0.027823613485973238, 0.06995031094803097, 0.027823613485973238, 0.250334682013218, 0.042508704504082236, 0.027823613485973238, 0.027823613485973238, 0.14398586127394805;
	(state4) 0.22077949640678698, 0.3543985205593319, 0.14837099737691212, 0.014282096805793676, 0.18272559554947712, 0.005683380005332073, 0.028751255516283807, 0.005683380005332073, 0.016198505228250667, 0.005755248734596836, 0.005683380005332073, 0.005683380005332073, 0.006004763801238717;
	(state5) 0.07892797602110202, 0.07625534176014787, 0.07898338698483592, 0.07999209539012649, 0.07652205095764633, 0.07520350345347106, 0.07798920440055346, 0.07520350345347106, 0.07708251954521915, 0.07623506021541915, 0.07520350345347106, 0.07520350345347106, 0.0771983509110655;
	(state6) 0.7507910614620297, 0.07460076771826497, 0.04351998784521785, 0.01789145914780466, 0.04058944135209495, 0.0018505375678475185, 0.02807448095276547, 0.0018505375678475185, 0.01895687332583714, 0.007452274806367767, 0.0018505375678475185, 0.0018505375678475185, 0.010721503118227572;
	(state7) 0.18591860463080379, 0.03189607053824562, 0.034025279885642246, 0.032834583219705886, 0.09463783422140587, 0.03101829836000857, 0.18316188397601793, 0.03101829836000857, 0.03164694835447714, 0.24857191457284172, 0.03101829836000857, 0.03101829836000857, 0.03323368716082551;
	(state8) 0.17136679489314408, 0.049052435087167806, 0.04773632929785659, 0.017861995412910052, 0.05711473867183583, 0.016434837159085308, 0.04853985539587833, 0.016434837159085308, 0.08205143808180211, 0.016696909308748224, 0.016434837159085308, 0.016434837159085308, 0.44384015521431563;
	(state9) 0.16931238583961528, 0.06976284068639048, 0.0507149915820223, 0.033413457349706896, 0.27407115849315633, 0.009942353003474503, 0.28247535588837747, 0.009942353003474503, 0.017629274373615767, 0.03326171877686607, 0.009942353003474503, 0.009942353003474503, 0.02958940499635151;
}

probability ( d3_depression | variable307 ) {
	(state0) 0.07132617044520685, 0.03485015780706085, 0.10760081132575187, 0.1155482387054959, 0.09066751356552162, 0.0247937814659387, 0.20425306058991272, 0.0247937814659387, 0.1668429533870907, 0.04872902971814068, 0.0247937814659387, 0.0247937814659387, 0.06100693859206396;
	(state1) 0.07847874839158071, 0.08089178607884996, 0.07679641578525542, 0.07786136173045889, 0.0776391242246168, 0.07520350345347106, 0.0777404759776531, 0.07520350345347106, 0.07614981905192313, 0.07578174763841954, 0.07520350345347106, 0.07520350345347106, 0.07784650730735829;
	(state2) 0.07449666535868299, 0.13245184603467788, 0.07228230453088968, 0.07486903439156511, 0.07334245809241065, 0.07076265523637129, 0.07344114424204133, 0.07076265523637129, 0.07149260090072414, 0.07144092545119668, 0.07076265523637129, 0.07076265523637129, 0.07313240005232635;
	(state3) 0.2101206762395999, 0.058392144257444475, 0.033411012944838836, 0.05438996406202808, 0.07773641230330226, 0.02782361348597324, 0.07027671357691295, 0.02782361348597324, 0.26461536653877216, 0.029608578028396434, 0.02782361348597324, 0.02782361348597324, 0.09015467810481204;
	(state4) 0.2628893597688624, 0.3056059251546374, 0.12367439187618906, 0.017449559533622528, 0.19049210502333633, 0.005683380005332073, 0.030599934228021326, 0.005683380005332073, 0.02850555863456181, 0.011360729560337858, 0.005683380005332073, 0.005683380005332073, 0.00668891619910307;
	(state5) 0.07847874839158073, 0.08089178607884998, 0.07679641578525542, 0.07786136173045889, 0.0776391242246168, 0.07520350345347106, 0.0777404759776531, 0.07520350345347106, 0.07614981905192313, 0.07578174763841954, 0.07520350345347106, 0.07520350345347106, 0.07784650730735829;
	(state6) 0.7414052638538909, 0.09458195599072164, 0.047677611472410175, 0.01689428456524167, 0.046654384258448756, 0.0018505375678475181, 0.0256449870461927, 0.0018505375678475181, 0.0025600021425486483, 0.0037828578484571194, 0.0018505375678475181, 0.0018505375678475181, 0.013396502550698288;
	(state7) 0.08708310750940534, 0.03318883376828548, 0.03228379963721123, 0.032140173234205406, 0.11034030461585735, 0.03101829836000857, 0.07538312218175344, 0.03101829836000857, 0.0317542700937848, 0.4398878186136534, 0.03101829836000857, 0.03101829836000857, 0.033865376905809215;
	(state8) 0.10549773093104928, 0.01672673702080848, 0.01919515297648774, 0.018081866406730256, 0.07055520700006457, 0.01643483715908531, 0.10213533477891674, 0.01643483715908531, 0.03687761103785272, 0.037400560995108335, 0.01643483715908531, 0.01643483715908531, 0.5277904502166406;
	(state9) 0.09252198388894975, 0.02488136301348801, 0.04634981711588551, 0.04891682499058956, 0.2571992585536142, 0.009942353003474503, 0.4001173655583792, 0.009942353003474503, 0.010521534150458508, 0.03425271075060348, 0.009942353003474503, 0.009942353003474503, 0.04546972996413389;
}

probability ( d3_flat_affect | variable307 ) {
	(state0) 0.048431816018918133, 0.03187565725085159, 0.15605161526782632, 0.1456794886706419, 0.24949346531831276, 0.024793781465938705, 0.12535600693225765, 0.024793781465938705, 0.05140020338123078, 0.024950980348453382, 0.024793781465938705, 0.024793781465938705, 0.06758564094775284;
	(state1) 0.07945582193665393, 0.07985854837937416, 0.07797354533302951, 0.07730555277673637, 0.07816413136505737, 0.07520350345347106, 0.07739012535048055, 0.07520350345347106, 0.07785542768607884, 0.07539767828686575, 0.07520350345347106, 0.07520350345347106, 0.07578515507183942;
	(state2) 0.07451756700561743, 0.07664025260131115, 0.12970020691207526, 0.07236674186697922, 0.07518586308870998, 0.0707626552363713, 0.07290933434856858, 0.0707626552363713, 0.07343576191749314, 0.0709601821770955, 0.0707626552363713, 0.0707626552363713, 0.0712334691366646;
	(state3) 0.33818270142370277, 0.03142411338248787, 0.02954230892168123, 0.05141771501055689, 0.04203220771555136, 0.02782361348597324, 0.030647680769361703, 0.02782361348597324, 0.3073746455376535, 0.027867270930644828, 0.02782361348597324, 0.02782361348597324, 0.03021690236446706;
	(state4) 0.5308389397822841, 0.30506697961849705, 0.06584670562468202, 0.010963045442556987, 0.04151187253517231, 0.005683380005332074, 0.005880388702909115, 0.005683380005332074, 0.005761902001870714, 0.005683581581317131, 0.005683380005332074, 0.005683380005332074, 0.00571306468938238;
	(state5) 0.07945582193665393, 0.07985854837937419, 0.0779735453330295, 0.07730555277673636, 0.07816413136505738, 0.07520350345347106, 0.07739012535048054, 0.07520350345347106, 0.07785542768607885, 0.07539767828686574, 0.07520350345347106, 0.07520350345347106, 0.0757851550718394;
	(state6) 0.8797049216102789, 0.040496492711675054, 0.008120443454892275, 0.005665650180318611, 0.028096934090892558, 0.0018505375678475181, 0.008373208708222576, 0.0018505375678475181, 0.014579201367197932, 0.0018505404115832299, 0.0018505375678475181, 0.0018505375678475181, 0.005710457193548563;
	(state7) 0.15086485234355834, 0.06336854090714215, 0.03381270745111847, 0.03146568347846492, 0.1125859598658353, 0.03101829836000857, 0.12314055597405961, 0.03101829836000857, 0.08195671662677873, 0.24718864454215358, 0.03101829836000857, 0.03101829836000857, 0.03154314537085459;
	(state8) 0.3969944754836699, 0.08236014311025187, 0.0362287620615661, 0.05127247349526568, 0.04017772269287441, 0.01643483715908531, 0.06091738909757166, 0.01643483715908531, 0.018834412044089695, 0.016483451701909253, 0.01643483715908531, 0.01643483715908531, 0.2309918216764603;
	(state9) 0.3174247022982536, 0.09706897053162895, 0.0543769334562689, 0.010668517935947214, 0.29552464025094694, 0.009942353003474503, 0.15428667845127342, 0.009942353003474503, 0.010846547397376293, 0.010061829746103866, 0.009942353003474503, 0.009942353003474503, 0.009971767918302768;
}

probability ( d3_loss_pleasure | variable307 ) {
	(state0) 0.3111309234827681, 0.027830108410074203, 0.06245058534787689, 0.07762898271856779, 0.2296332447549007, 0.0247937814659387, 0.07579519591870389, 0.0247937814659387, 0.0614263764526749, 0.029026380222956734, 0.0247937814659387, 0.0247937814659387, 0.025903076827722003;
	(state1) 0.08115919059753801, 0.07620830587619563, 0.07878084795468857, 0.07723084485190083, 0.07749073472649731, 0.07520350345347106, 0.07751921332209688, 0.07520350345347106, 0.0773928016773106, 0.07677935186136482, 0.07520350345347106, 0.07520350345347106, 0.07662469531852317;
	(state2) 0.0777520008123734, 0.07162784149285786, 0.1318276123296667, 0.07284671022249486, 0.073128997311361, 0.07076265523637129, 0.07314653547750129, 0.07076265523637129, 0.07241917177690828, 0.07239895843169263, 0.07076265523637129, 0.07076265523637129, 0.0718015511996587;
	(state3) 0.15804068773292318, 0.0541917144434026, 0.029967335652975793, 0.05139949209778902, 0.1522320675513812, 0.027823613485973238, 0.034842734362063935, 0.027823613485973238, 0.3090358071821936, 0.028278966758381093, 0.027823613485973238, 0.027823613485973238, 0.0707167402749966;
	(state4) 0.4758158172568227, 0.3186362955594612, 0.08321935094686878, 0.005904325875382772, 0.05383224495190631, 0.0056833800053320725, 0.012116913845758219, 0.0056833800053320725, 0.01618955972085694, 0.005782168474359885, 0.0056833800053320725, 0.0056833800053320725, 0.00576980334725488;
	(state5) 0.08115919059753805, 0.07620830587619563, 0.07878084795468857, 0.07723084485190083, 0.07749073472649731, 0.07520350345347106, 0.07751921332209688, 0.07520350345347106, 0.0773928016773106, 0.07677935186136482, 0.07520350345347106, 0.07520350345347106, 0.07662469531852317;
	(state6) 0.9136254382092355, 0.020838455074028678, 0.017434282041392062, 0.006961260804210429, 0.009878626711656634, 0.0018505375678475185, 0.003960973399242646, 0.0018505375678475185, 0.010054792155284138, 0.0046655288566691865, 0.0018505375678475185, 0.0018505375678475185, 0.005178492476890739;
	(state7) 0.09270642620241709, 0.03135354485038754, 0.03400066224255835, 0.03799775365318097, 0.23174121272259052, 0.03101829836000857, 0.09084621850301736, 0.03101829836000857, 0.03239960665797631, 0.25063699115818777, 0.03101829836000857, 0.03101829836000857, 0.07424439056964978;
	(state8) 0.19966283817502217, 0.016806147599270127, 0.03304150374602298, 0.016704997605297638, 0.039972035990319225, 0.01643483715908531, 0.10701231998387302, 0.01643483715908531, 0.0569097994288209, 0.06525183046253756, 0.01643483715908531, 0.01643483715908531, 0.39889917837249517;
	(state9) 0.11878903037890037, 0.12459920406971135, 0.08227970530039246, 0.02879541551650817, 0.36249116737515175, 0.009942353003474503, 0.12808623976339412, 0.009942353003474503, 0.03524171206330001, 0.05128963218992592, 0.009942353003474503, 0.009942353003474503, 0.028658481328817882;
}

probability ( d4_hallucination | variable316 ) {
	(state0) 0.08106337169054345, 0.07523355149931851, 0.07751477832092692, 0.07578418107268083, 0.077559417773736, 0.07340148798344363, 0.0773877907259527, 0.07340148798344363, 0.07608183261421556, 0.08140484496785863, 0.07340148798344363, 0.07340148798344363, 0.08436427940099286;
	(state1) 0.08106722468278443, 0.07523705457390974, 0.07751768394081077, 0.0757866502151042, 0.07756271025248973, 0.07340519293101702, 0.0773901692271654, 0.07340519293101702, 0.07608490421178243, 0.08140592645760017, 0.07340519293101702, 0.07340519293101702, 0.08432690471428485;
	(state2) 0.0810672247356015, 0.07523705462158914, 0.07751768398050506, 0.07578665024900298, 0.0775627102974939, 0.0734051929812759, 0.07739016925977857, 0.0734051929812759, 0.07608490425350584, 0.08140592647447326, 0.0734051929812759, 0.0734051929812759, 0.0843269042029461;
	(state3) 0.08106722473711392, 0.07523705462295398, 0.07751768398164156, 0.0757866502499738, 0.07756271029878246, 0.07340519298271435, 0.07739016926071253, 0.07340519298271435, 0.07608490425470009, 0.08140592647495941, 0.07340519298271435, 0.07340519298271435, 0.08432690418830484;
