network HLCM730 {
}

variable scm1rue {
	type discrete[4] { 0, 1, 2, 3 };
}

variable scm1lue {
	type discrete[4] { 0, 1, 2, 3 };
}

variable scm2rue {
	type discrete[4] { 0, 1, 2, 3 };
}

variable scm2lue {
	type discrete[4] { 0, 1, 2, 3 };
}

variable scm3rue {
	type discrete[4] { 0, 1, 2, 3 };
}

variable scm3lue {
	type discrete[4] { 0, 1, 2, 3 };
}

variable scm4rue {
	type discrete[4] { 0, 1, 2, 3 };
}

variable scm4lue {
	type discrete[4] { 0, 1, 2, 3 };
}

variable scm5rise {
	type discrete[4] { 0, 1, 2, 3 };
}

variable scm6post {
	type discrete[4] { 0, 1, 2, 3 };
}

variable scm7gait {
	type discrete[4] { 0, 1, 2, 3 };
}

variable scm8spee {
	type discrete[4] { 0, 1, 2, 3 };
}

variable scm9free {
	type discrete[4] { 0, 1, 2, 3 };
}

variable scm10swa {
	type discrete[4] { 0, 1, 2, 3 };
}

variable scm11spe {
	type discrete[4] { 0, 1, 2, 3 };
}

variable scm12fee {
	type discrete[4] { 0, 1, 2, 3 };
}

variable scm13dre {
	type discrete[4] { 0, 1, 2, 3 };
}

variable scm14hyg {
	type discrete[4] { 0, 1, 2, 3 };
}

variable scm15cha {
	type discrete[4] { 0, 1, 2, 3 };
}

variable scm16wal {
	type discrete[4] { 0, 1, 2, 3 };
}

variable scm17han {
	type discrete[4] { 0, 1, 2, 3 };
}

variable scm18dpr {
	type discrete[4] { 0, 1, 2, 3 };
}

variable scm19dsv {
	type discrete[4] { 0, 1, 2, 3 };
}

variable scm20fpr {
	type discrete[4] { 0, 1, 2, 3 };
}

variable scm21fsv {
	type discrete[4] { 0, 1, 2, 3 };
}

variable variable168 {
	type discrete[4] { state0, state1, state2, state3 };
}

variable variable173 {
	type discrete[4] { state0, state1, state2, state3 };
}

variable variable178 {
	type discrete[4] { state0, state1, state2, state3 };
}

probability ( scm1rue | variable168 ) {
	(state0) 0.664238223621607, 0.2284636731904837, 0.07718378181478978, 0.030114321373119455;
	(state1) 0.8692601033204709, 0.07712417459417677, 0.030080194085677154, 0.02353552799967527;
	(state2) 0.07302210781223939, 0.3968685014131618, 0.38802691460574495, 0.14208247616885397;
	(state3) 0.12360830400225604, 0.5285944426279003, 0.28323604871613633, 0.06456120465370718;
}

probability ( scm1lue | variable168 ) {
	(state0) 0.6925847243788744, 0.18725119603709747, 0.0972824583646361, 0.022881621219392044;
	(state1) 0.841974099428794, 0.12109144978655673, 0.0253080013358838, 0.011626449448765546;
	(state2) 0.07612011239804006, 0.43247885494995286, 0.33544633586075456, 0.1559546967912525;
	(state3) 0.17941110626289014, 0.5894793194771843, 0.198802874379574, 0.032306699880351585;
}

probability ( scm2rue | variable168 ) {
	(state0) 0.6561456081092114, 0.2847690274060471, 0.03766405527568968, 0.02142130920905177;
	(state1) 0.7990482483985052, 0.1542634087951261, 0.023567350904536793, 0.023120991901831908;
	(state2) 0.06663317519196403, 0.4988269667383441, 0.3422187268300724, 0.09232113123961962;
	(state3) 0.17458162979666578, 0.611309494101315, 0.19883324690919, 0.01527562919282924;
}

probability ( scm2lue | variable168 ) {
	(state0) 0.6886673876970516, 0.23910820099928387, 0.061236317003043286, 0.010988094300621382;
	(state1) 0.8376299153123168, 0.1385852410388323, 0.011844613053249516, 0.011940230595601547;
	(state2) 0.018806727385799082, 0.5545416775349109, 0.31512172897713436, 0.11152986610215554;
	(state3) 0.2196205514911348, 0.639813763825139, 0.11467474728916506, 0.025890937394561143;
}

probability ( scm3rue | variable168 ) {
	(state0) 0.3062109345801789, 0.5791888567358698, 0.1075753455885473, 0.007024863095403966;
	(state1) 0.11682387838154427, 0.35612814773377666, 0.4047730959828539, 0.12227487790182531;
	(state2) 0.015880754630404007, 0.20180927943877008, 0.6318085078019402, 0.15050145812888568;
	(state3) 0.14070169940917585, 0.5377476264506179, 0.3018955925288186, 0.01965508161138752;
}

probability ( scm3lue | variable168 ) {
	(state0) 0.313165075408361, 0.46503260346152053, 0.20545564975713973, 0.016346671372978783;
	(state1) 0.1253178905514568, 0.29533126153001527, 0.3887793807387366, 0.19057146717979145;
	(state2) 0.01585570427300926, 0.0517563775788019, 0.6689354908820528, 0.2634524272661361;
	(state3) 0.06365940897137319, 0.6631494081481858, 0.2641826491317495, 0.009008533748691688;
}

probability ( scm4rue | variable168 ) {
	(state0) 0.28500123987363285, 0.5708531242971107, 0.1301199737392545, 0.014025662090002049;
	(state1) 0.1543572451944602, 0.36992195201595024, 0.3731933124782041, 0.10252749031138544;
	(state2) 0.038645236601180716, 0.1807057525634454, 0.6858687166922567, 0.0947802941431172;
	(state3) 0.09501221220004515, 0.5405057244624354, 0.3559288278764681, 0.00855323546105145;
}

probability ( scm4lue | variable168 ) {
	(state0) 0.350103033295302, 0.46272289860864, 0.16899402035849825, 0.018180047737559768;
	(state1) 0.16846425369264692, 0.29977630748685, 0.41744101192851124, 0.11431842689199193;
	(state2) 0.017388334808869, 0.1191594392609172, 0.7363677658687474, 0.1270844600614664;
	(state3) 0.13039434978758593, 0.6365402406096061, 0.22583376904402003, 0.007231640558787948;
}

probability ( scm5rise | variable168 ) {
	(state0) 0.8561756082692311, 0.13001454823178568, 0.01014767646365411, 0.0036621670353290934;
	(state1) 0.19758095800764644, 0.32914447756014326, 0.30199215844923594, 0.17128240598297442;
	(state2) 0.06760149896232523, 0.44983220566172627, 0.33775922891423216, 0.14480706646171623;
	(state3) 0.35614890894055207, 0.5928530755533532, 0.04437028363991547, 0.006627731866179139;
}

probability ( scm6post | variable168 ) {
	(state0) 0.8772126670947261, 0.10434623980374584, 0.014192460544733857, 0.004248632556794252;
	(state1) 0.17293021391139465, 0.34815814234112225, 0.3535415989437259, 0.12537004480375713;
	(state2) 0.049306926435170276, 0.4623820712097742, 0.37495043270545053, 0.11336056964960503;
	(state3) 0.40613183175005885, 0.45092800042490755, 0.13097050917326397, 0.011969658651769553;
}

probability ( scm7gait | variable168 ) {
	(state0) 0.5364998460547733, 0.4469250003828877, 0.012913577637899775, 0.003661575924439122;
	(state1) 0.012964943873578548, 0.3448846256313173, 0.5398243564990047, 0.10232607399609944;
	(state2) 0.015827233555623814, 0.3445844692150442, 0.5584136429803205, 0.08117465424901155;
	(state3) 0.10830260480938478, 0.7765838992152716, 0.10848999841714284, 0.006623497558200728;
}

probability ( scm8spee | variable168 ) {
	(state0) 0.42692912374831027, 0.524843769745317, 0.03344072949355158, 0.01478637701282097;
	(state1) 0.012113613577900958, 0.45866173532172905, 0.47333108818518493, 0.05589356291518508;
	(state2) 0.04666806813701974, 0.5371382047301774, 0.3832482393873884, 0.03294548774541452;
	(state3) 0.23444265462041022, 0.6883890510263256, 0.07031144273442441, 0.006856851618839913;
}

probability ( scm9free | variable168 ) {
	(state0) 0.8558825184537133, 0.11911224748554068, 0.020842100155655022, 0.004163133905091058;
	(state1) 0.17472815656757348, 0.27047981444466024, 0.3696225937812025, 0.18516943520656376;
	(state2) 0.11135685528145414, 0.33891112872792256, 0.44083891693194316, 0.10889309905868008;
	(state3) 0.5103991687330852, 0.36819609027806527, 0.10198306982254289, 0.01942167116630675;
}

probability ( scm10swa | variable168 ) {
	(state0) 0.8271230626121813, 0.13861399500921306, 0.030601370553352478, 0.0036615718252532266;
	(state1) 0.38828278916441034, 0.4181636495476033, 0.1589253392484657, 0.034628222039520554;
	(state2) 0.2868256561891419, 0.5654117451900567, 0.13195404823020068, 0.015808550390600747;
	(state3) 0.6710170187426976, 0.2592677554974883, 0.06309278020365755, 0.0066224455561567615;
}

probability ( scm11spe | variable178 ) {
	(state0) 0.22859519186696964, 0.6605276748784551, 0.10123958727029865, 0.009637545984276723;
	(state1) 0.669546311456452, 0.2818654929323018, 0.03481653172821155, 0.013771663883034751;
	(state2) 0.030485707067441064, 0.342015495474804, 0.5817481293391502, 0.04575066811860464;
	(state3) 0.6975337187864292, 0.23089846497382793, 0.023815767323236016, 0.04775204891650671;
}

probability ( scm12fee | variable178 ) {
	(state0) 0.15105398146404375, 0.7773867781665538, 0.06816664122551339, 0.0033925991438890756;
	(state1) 0.8832857801089066, 0.10291558135448974, 0.006913230702887825, 0.006885407833715849;
	(state2) 0.016919862328417513, 0.19953600668815247, 0.6462982753256539, 0.13724585565777614;
	(state3) 0.32108242353238514, 0.5390221137738228, 0.09544818415694448, 0.04444727853684759;
}

probability ( scm13dre | variable178 ) {
	(state0) 0.011340644649013715, 0.8429090290247298, 0.14237650121820428, 0.0033738251080522633;
	(state1) 0.8552611759723567, 0.1307147307019343, 0.007141929505450983, 0.006882163820258069;
	(state2) 0.011715333613169163, 0.08915467354614134, 0.716136721532438, 0.18299327130825152;
	(state3) 0.11908560823716802, 0.7884869073157781, 0.07013549994958758, 0.022291984497466322;
}

probability ( scm14hyg | variable178 ) {
	(state0) 0.0559133560491441, 0.8788770755868983, 0.06183572145548979, 0.0033738469084678632;
	(state1) 0.922219904161832, 0.05832851838819217, 0.01256941360668029, 0.006882163843295622;
	(state2) 0.01670506294742233, 0.11657105440096847, 0.6951678363990604, 0.17155604625254875;
	(state3) 0.06609713308034063, 0.8879031874910991, 0.023707585088539294, 0.02229209434002099;
}

probability ( scm15cha | variable178 ) {
	(state0) 0.10728618552453725, 0.7526789241962021, 0.136659827446877, 0.003375062832383591;
	(state1) 0.7777008784375173, 0.2026346651899052, 0.012782292502976626, 0.006882163869600826;
	(state2) 0.011583966404810192, 0.15476703781214105, 0.6049116304306734, 0.2287373653523755;
	(state3) 0.7397486511239079, 0.19903620996949664, 0.03892298085799702, 0.022292158048598666;
}

probability ( scm16wal | variable178 ) {
	(state0) 0.07041258917834692, 0.8294947945262403, 0.09530924792983805, 0.004783368365574675;
	(state1) 0.5914690422418627, 0.3851035132638428, 0.016545274768403995, 0.006882169725890534;
	(state2) 0.028189438457150332, 0.1636870122687588, 0.6299957613426316, 0.17812778793145936;
	(state3) 0.8186077696308011, 0.1307874417913303, 0.028142947787182827, 0.022461840790685868;
}

probability ( scm17han | variable178 ) {
	(state0) 0.05692191136192071, 0.6752995304175914, 0.2575084003182873, 0.010270157902200617;
	(state1) 0.38394014447930586, 0.5457149835560223, 0.05659440857754947, 0.013750463387122469;
	(state2) 0.011506950355049112, 0.16745575832160123, 0.5129215633078442, 0.3081157280155055;
	(state3) 0.2749549254745639, 0.5551543887358537, 0.12490864203359049, 0.0449820437559919;
}

probability ( scm18dpr | variable173 ) {
	(state0) 0.33274135921358716, 0.11324077053629032, 0.33163962927953433, 0.22237824097058814;
	(state1) 0.9775696099857036, 0.011660736657832248, 0.0066834537701737015, 0.004086199586290434;
	(state2) 0.9643626019080417, 0.015264673656517798, 0.00995067148526945, 0.010422052950171073;
	(state3) 0.016472343229086348, 0.7850897971142965, 0.13791543582342208, 0.06052242383319497;
}

probability ( scm19dsv | variable173 ) {
	(state0) 0.34310267654500287, 0.07196662604764562, 0.3602605762633141, 0.2246701211440373;
	(state1) 0.9833577247006267, 0.005035051876798474, 0.007134831713501675, 0.004472391709073217;
	(state2) 0.9651526246998337, 0.009863456590453493, 0.014628257439373687, 0.010355661270339172;
	(state3) 0.01426699534077611, 0.7526808348035255, 0.1957025491575075, 0.03734962069819062;
}

probability ( scm20fpr | variable173 ) {
	(state0) 0.014216473062964963, 0.15694579950929152, 0.5691936254467915, 0.25964410198095184;
	(state1) 0.9770454233355299, 0.01461917399852841, 0.004241178631256518, 0.004094224034685061;
	(state2) 0.033822694941561406, 0.8512221318539437, 0.09934466771496617, 0.015610505489528796;
	(state3) 0.16348007791800856, 0.5902210842538693, 0.23883520836664063, 0.007463629461481683;
}

probability ( scm21fsv | variable173 ) {
	(state0) 0.013647881845617656, 0.03950341387487552, 0.5521945550669414, 0.3946541492125654;
	(state1) 0.9860374247104245, 0.005409500985771493, 0.004462465444678549, 0.0040906088591252995;
	(state2) 0.044888105611492785, 0.7424420808159472, 0.2029926748835564, 0.00967713868900347;
	(state3) 0.17498533373160666, 0.49383004387395096, 0.3227189067747701, 0.008465715619672343;
}

probability ( variable168 | variable173 ) {
	(state0) 0.047519843987156654, 0.5330374189710132, 0.30932360133823017, 0.11011913570359995;
	(state1) 0.7140547181747086, 0.06327681752523652, 0.00945125177640545, 0.21321721252364945;
	(state2) 0.43619694324100794, 0.12553516796401468, 0.09801349749121789, 0.3402543913037595;
	(state3) 0.3297546407386714, 0.11188596357322825, 0.18468447979239153, 0.37367491589570884;
}

probability ( variable173 | variable178 ) {
	(state0) 0.0717828561943548, 0.2953734061418784, 0.28959251766260874, 0.3432512200011581;
	(state1) 0.01503334459490516, 0.7637219840244328, 0.07789230254304676, 0.1433523688376153;
	(state2) 0.5904555316083645, 0.12718486318697955, 0.09241921642194774, 0.18994038878270822;
	(state3) 0.06232577884334079, 0.7823276237538794, 0.11633840581479937, 0.039008191587980356;
}

probability ( variable178 ) {
	table 0.5220682800003862, 0.25320843375457885, 0.1502398432208563, 0.0744834430241788;
}

