network HLCM514 {
}

variable scm1rue {
	type discrete[4] { 0, 1, 2, 3 };
}

variable scm1lue {
	type discrete[4] { 0, 1, 2, 3 };
}

variable scm2rue {
	type discrete[4] { 0, 1, 2, 3 };
}

variable scm2lue {
	type discrete[4] { 0, 1, 2, 3 };
}

variable scm3rue {
	type discrete[4] { 0, 1, 2, 3 };
}

variable scm3lue {
	type discrete[4] { 0, 1, 2, 3 };
}

variable scm4rue {
	type discrete[4] { 0, 1, 2, 3 };
}

variable scm4lue {
	type discrete[4] { 0, 1, 2, 3 };
}

variable scm5rise {
	type discrete[4] { 0, 1, 2, 3 };
}

variable scm6post {
	type discrete[4] { 0, 1, 2, 3 };
}

variable scm7gait {
	type discrete[4] { 0, 1, 2, 3 };
}

variable scm9free {
	type discrete[4] { 0, 1, 2, 3 };
}

variable scm18dpr {
	type discrete[4] { 0, 1, 2, 3 };
}

variable scm19dsv {
	type discrete[4] { 0, 1, 2, 3 };
}

variable scm20fpr {
	type discrete[4] { 0, 1, 2, 3 };
}

variable scm21fsv {
	type discrete[4] { 0, 1, 2, 3 };
}

variable scm8spee {
	type discrete[4] { 0, 1, 2, 3 };
}

variable scm10swa {
	type discrete[4] { 0, 1, 2, 3 };
}

variable scm11spe {
	type discrete[4] { 0, 1, 2, 3 };
}

variable scm12fee {
	type discrete[4] { 0, 1, 2, 3 };
}

variable scm13dre {
	type discrete[4] { 0, 1, 2, 3 };
}

variable scm14hyg {
	type discrete[4] { 0, 1, 2, 3 };
}

variable scm15cha {
	type discrete[4] { 0, 1, 2, 3 };
}

variable scm16wal {
	type discrete[4] { 0, 1, 2, 3 };
}

variable scm17han {
	type discrete[4] { 0, 1, 2, 3 };
}

variable variable142 {
	type discrete[4] { state0, state1, state2, state3 };
}

variable variable147 {
	type discrete[4] { state0, state1, state2, state3 };
}

probability ( scm1rue | variable147 ) {
	(state0) 0.5110881330476561, 0.22603343749175936, 0.1443476419180881, 0.11853078754249634;
	(state1) 0.5759646716829508, 0.2805682470421317, 0.11252791069950943, 0.030939170575408084;
	(state2) 0.4255603501647216, 0.28569910366020007, 0.21506721590751218, 0.07367333026756605;
	(state3) 0.4091900068843179, 0.3788698517635905, 0.17913877316444296, 0.03280136818764876;
}

probability ( scm1lue | variable147 ) {
	(state0) 0.5307837010452318, 0.15579872970412736, 0.15746566787577637, 0.15595190137486437;
	(state1) 0.6247628741242933, 0.22825288609636388, 0.12279598683310507, 0.02418825294623777;
	(state2) 0.4530958334404843, 0.3440094777672717, 0.18794826776427706, 0.014946421027966872;
	(state3) 0.3979753984436614, 0.4530366092904214, 0.11340189089733003, 0.035586101368587184;
}

probability ( scm2rue | variable147 ) {
	(state0) 0.5157790418941032, 0.2115718399572346, 0.16956113175090715, 0.10308798639775504;
	(state1) 0.569781175724277, 0.3516112908051181, 0.05667080527050098, 0.021936728200104002;
	(state2) 0.42486144289551875, 0.39855490992313286, 0.15485905996499708, 0.021724587216351315;
	(state3) 0.41044757074423655, 0.44602017192557303, 0.12955578599319895, 0.01397647133699145;
}

probability ( scm2lue | variable147 ) {
	(state0) 0.5115271684516411, 0.20925579215324694, 0.15792116790660324, 0.12129587148850868;
	(state1) 0.6242376531877454, 0.2824314768034721, 0.07982487718433245, 0.013505992824450145;
	(state2) 0.44607363148212076, 0.424001636308174, 0.11498230448115812, 0.014942427728547241;
	(state3) 0.41838666762513826, 0.48411964119050827, 0.07870228533465688, 0.018791405849696668;
}

probability ( scm3rue | variable147 ) {
	(state0) 0.0522533095210425, 0.20565868211359892, 0.5098357772534123, 0.23225223111194618;
	(state1) 0.2989121269584051, 0.5832100214475998, 0.10985461670576221, 0.008023234888232927;
	(state2) 0.15600080480249176, 0.42946658313455577, 0.3659015023884287, 0.04863110967452368;
	(state3) 0.1607933183081933, 0.5272247233808735, 0.29213422400417643, 0.019847734306756893;
}

probability ( scm3lue | variable147 ) {
	(state0) 0.08310308204510532, 0.11223382405897253, 0.3982521540279845, 0.4064109398679377;
	(state1) 0.33616098613487494, 0.4535397521962526, 0.19516500739134812, 0.015134254277524226;
	(state2) 0.12688334722928388, 0.44046199530565056, 0.39105602988861593, 0.04159862757644953;
	(state3) 0.06484307638678348, 0.5631967922837553, 0.33078313628978556, 0.04117699503967566;
}

probability ( scm4rue | variable147 ) {
	(state0) 0.08978028075326148, 0.19281777505006806, 0.5295900659014245, 0.1878118782952459;
	(state1) 0.2553517173501126, 0.6062066116359082, 0.12522780353302168, 0.013213867480957542;
	(state2) 0.18989956907720285, 0.4128138380158644, 0.38157346469852715, 0.015713128208405647;
	(state3) 0.12771145332273112, 0.5012847184766879, 0.34506612810925996, 0.025937700091321073;
}

probability ( scm4lue | variable147 ) {
	(state0) 0.10033052366703525, 0.11852063055093952, 0.5039081573881211, 0.27724068839390414;
	(state1) 0.360501788293324, 0.47580505197788087, 0.14226908354355433, 0.021424076185240767;
	(state2) 0.1823259954082307, 0.44168031152157683, 0.36874128114666915, 0.007252411923523453;
	(state3) 0.1284543604104375, 0.5282755380450348, 0.32892828722389783, 0.014341814320629954;
}

probability ( scm5rise | variable147 ) {
	(state0) 0.10010327387605694, 0.11262700888377944, 0.40684310334584334, 0.3804266138943203;
	(state1) 0.9027090285481676, 0.0864986054888604, 0.006283156129558782, 0.0045092098334132405;
	(state2) 0.3761868797623321, 0.5010816994061392, 0.10795631342251025, 0.014775107409018636;
	(state3) 0.32661945768621203, 0.5569139753905744, 0.11005737745390409, 0.006409189469309355;
}

probability ( scm6post | variable147 ) {
	(state0) 0.0758875430438466, 0.15835691340086866, 0.47123228685955615, 0.29452325669572854;
	(state1) 0.9342666254909026, 0.05386746187238254, 0.007354811173354141, 0.004511101463360738;
	(state2) 0.3397853665822569, 0.46639521423182106, 0.18651029071521474, 0.007309128470707495;
	(state3) 0.38676816371768424, 0.450787593167073, 0.14972822646677908, 0.012716016648463653;
}

probability ( scm7gait | variable147 ) {
	(state0) 0.01743574110703646, 0.08360286629806198, 0.6737984864615526, 0.22516290613334902;
	(state1) 0.600473710752291, 0.3854309116499336, 0.009586178913637217, 0.004509198684138353;
	(state2) 0.12863694766638528, 0.6178211189106316, 0.24627040084361304, 0.007271532579369991;
	(state3) 0.0835652297318902, 0.7375120786100369, 0.17253378476427372, 0.006388906893799204;
}

probability ( scm9free | variable147 ) {
	(state0) 0.09973624954082942, 0.07381680086409412, 0.48180767202505975, 0.3446392775700167;
	(state1) 0.924264156477766, 0.05442121250627086, 0.01680445630324459, 0.004510174712718452;
	(state2) 0.2847280379938181, 0.45441915809985983, 0.23161759622799513, 0.029235207678327137;
	(state3) 0.5300280736721704, 0.3448398299060918, 0.11188187544787169, 0.013250220973866012;
}

probability ( scm18dpr | variable147 ) {
	(state0) 0.4285158605389261, 0.18653910627658224, 0.21931665089343624, 0.16562838229105542;
	(state1) 0.8849137935306446, 0.09024243650710195, 0.020163843650163802, 0.004679926312089624;
	(state2) 0.008228892093450861, 0.663553377448237, 0.20935594160794424, 0.11886178885036787;
	(state3) 0.969878637230401, 0.010920136204307792, 0.012752829076338368, 0.006448397488952833;
}

probability ( scm19dsv | variable147 ) {
	(state0) 0.4290910981554794, 0.1407463444064823, 0.2633778707099916, 0.16678468672804678;
	(state1) 0.8934248846057615, 0.07932454010202782, 0.022495462698965067, 0.004755112593245668;
	(state2) 0.01984406248632212, 0.6240684184638476, 0.26607153972345604, 0.09001597932637412;
	(state3) 0.9601561853300644, 0.014175461629822184, 0.013506933057864073, 0.012161419982249283;
}

probability ( scm20fpr | variable147 ) {
	(state0) 0.13758908845955986, 0.14652943204615546, 0.4289448594038301, 0.28693662009045445;
	(state1) 0.8641561907685947, 0.11813560549424756, 0.013198981414445265, 0.004509222322712503;
	(state2) 0.04461251375812241, 0.58972586945693, 0.33991898503919216, 0.02574263174575562;
	(state3) 0.3911980001210628, 0.49179400139717067, 0.09856917621416955, 0.01843882226759701;
}

probability ( scm21fsv | variable147 ) {
	(state0) 0.13751944140095507, 0.08531498060364583, 0.359215539266073, 0.41795003872932607;
	(state1) 0.8745371507164369, 0.11173335424812061, 0.009217201926665152, 0.004512293108777346;
	(state2) 0.03284333197842222, 0.46354846369506064, 0.45327481418401905, 0.050333390142498144;
	(state3) 0.41881546359743277, 0.39827002108920523, 0.17056898233245069, 0.012345532980911369;
}

probability ( scm8spee | variable142 ) {
	(state0) 0.6116419740447151, 0.32869876463894293, 0.045371166463263224, 0.014288094853078795;
	(state1) 0.010297244347651106, 0.8651221618312721, 0.1153992733397419, 0.009181320481334876;
	(state2) 0.4980394992797638, 0.4693422924925996, 0.01060504258256704, 0.022013165645069294;
	(state3) 0.012617949436776858, 0.2694634269090768, 0.6548406883603245, 0.06307793529382172;
}

probability ( scm10swa | variable142 ) {
	(state0) 0.8830821456419705, 0.08777202823938943, 0.021936821870750627, 0.007209004247889338;
	(state1) 0.5371185054641123, 0.39602422908856144, 0.06230550242836888, 0.004551763018957307;
	(state2) 0.840321842218802, 0.12231348101801874, 0.030029064122503092, 0.007335612640676228;
	(state3) 0.3020985894328055, 0.41815192210913527, 0.2419032351997879, 0.03784625325827136;
}

probability ( scm11spe | variable142 ) {
	(state0) 0.6794802773652178, 0.2745517727694362, 0.03167985646369447, 0.014288093401651472;
	(state1) 0.07914626647705776, 0.7680326291701057, 0.14357209936840873, 0.00924900498442771;
	(state2) 0.6250197346350032, 0.3280584462548268, 0.025028276252256735, 0.021893542857913357;
	(state3) 0.02717452728600288, 0.32120084331690046, 0.6011439820014953, 0.05048064739560133;
}

probability ( scm12fee | variable142 ) {
	(state0) 0.8926602989913189, 0.09267397557599799, 0.007422872950228948, 0.0072428524824540595;
	(state1) 0.11357797313464436, 0.7731326550228854, 0.10873745922012704, 0.004551912622343252;
	(state2) 0.2874241306169781, 0.6532352975900895, 0.04470406350867035, 0.01463650828426194;
	(state3) 0.013116188767507881, 0.1922748027897237, 0.6432239101182111, 0.15138509832455732;
}

probability ( scm13dre | variable142 ) {
	(state0) 0.8762507485362006, 0.10905238686814653, 0.007487860347688397, 0.00720900424796453;
	(state1) 0.02267969265189488, 0.7762594465816073, 0.1965090627162429, 0.004551798050254923;
	(state2) 0.04739363287475425, 0.8818527272012218, 0.06341802727821828, 0.007335612645805566;
	(state3) 0.012705429331686828, 0.07716795928334609, 0.7082799837156148, 0.2018466276693523;
}

probability ( scm14hyg | variable142 ) {
	(state0) 0.9015904797583161, 0.0771861120222015, 0.01401440397144753, 0.007209004248035126;
	(state1) 0.056710601011621266, 0.8431991185433199, 0.09553847087231836, 0.004551809572740569;
	(state2) 0.12059629336374704, 0.8530391255538752, 0.019028968408751512, 0.0073356126736261774;
	(state3) 0.013077335009795939, 0.08526607170106833, 0.7124254184883336, 0.18923117480080215;
}

probability ( scm15cha | variable142 ) {
	(state0) 0.8174823077606871, 0.16129523957605899, 0.014013448410995335, 0.007209004252258558;
	(state1) 0.05805041864402426, 0.7439830312587612, 0.19335085511820377, 0.004615694979010719;
	(state2) 0.3803200012008846, 0.578466410025942, 0.03387795478454655, 0.007335633988626775;
	(state3) 0.012659558040338467, 0.13017913400168854, 0.6050301268720252, 0.2521311810859478;
}

probability ( scm16wal | variable142 ) {
	(state0) 0.6372894924666211, 0.3467597736180942, 0.008741724909084642, 0.007209009006200001;
	(state1) 0.03842991326506757, 0.8190790735673038, 0.13406425166057412, 0.008426761507054424;
	(state2) 0.3468227799806344, 0.6181024741761033, 0.027661454217684837, 0.007413291625577402;
	(state3) 0.023665709350311877, 0.12225321674486957, 0.6631076907211318, 0.19097338318368673;
}

probability ( scm17han | variable142 ) {
	(state0) 0.40698823394923006, 0.5310924571602951, 0.047585549046799056, 0.014333759843675969;
	(state1) 0.04746908280132942, 0.6389196181580605, 0.29799588669739163, 0.015615412343218341;
	(state2) 0.13285553930574517, 0.6795539747326659, 0.17249567564001203, 0.015094810321577043;
	(state3) 0.012674606405096966, 0.1554727382431131, 0.4972499248925553, 0.3346027304592346;
}

probability ( variable142 | variable147 ) {
	(state0) 0.02132795832362192, 0.0924009032990627, 0.03788620226129966, 0.8483849361160157;
	(state1) 0.5542260973225543, 0.10755273340688198, 0.3275242097633224, 0.010696959507241229;
	(state2) 0.06207306490083038, 0.6572134823131486, 0.16111178194914888, 0.11960167083687212;
	(state3) 0.038398025718079466, 0.6377674772715932, 0.2508340501916479, 0.0730004468186794;
}

probability ( variable147 ) {
	table 0.09736877585190722, 0.3892707197102494, 0.24005045447135287, 0.27331004996649055;
}

