network HLCM1158 {
}

variable scm1rue {
	type discrete[4] { 0, 1, 2, 3 };
}

variable scm1lue {
	type discrete[4] { 0, 1, 2, 3 };
}

variable scm2rue {
	type discrete[4] { 0, 1, 2, 3 };
}

variable scm2lue {
	type discrete[4] { 0, 1, 2, 3 };
}

variable scm3rue {
	type discrete[4] { 0, 1, 2, 3 };
}

variable scm3lue {
	type discrete[4] { 0, 1, 2, 3 };
}

variable scm4rue {
	type discrete[4] { 0, 1, 2, 3 };
}

variable scm4lue {
	type discrete[4] { 0, 1, 2, 3 };
}

variable scm5rise {
	type discrete[4] { 0, 1, 2, 3 };
}

variable scm6post {
	type discrete[4] { 0, 1, 2, 3 };
}

variable scm7gait {
	type discrete[4] { 0, 1, 2, 3 };
}

variable scm8spee {
	type discrete[4] { 0, 1, 2, 3 };
}

variable scm9free {
	type discrete[4] { 0, 1, 2, 3 };
}

variable scm10swa {
	type discrete[4] { 0, 1, 2, 3 };
}

variable scm11spe {
	type discrete[4] { 0, 1, 2, 3 };
}

variable scm12fee {
	type discrete[4] { 0, 1, 2, 3 };
}

variable scm13dre {
	type discrete[4] { 0, 1, 2, 3 };
}

variable scm14hyg {
	type discrete[4] { 0, 1, 2, 3 };
}

variable scm15cha {
	type discrete[4] { 0, 1, 2, 3 };
}

variable scm16wal {
	type discrete[4] { 0, 1, 2, 3 };
}

variable scm17han {
	type discrete[4] { 0, 1, 2, 3 };
}

variable scm18dpr {
	type discrete[4] { 0, 1, 2, 3 };
}

variable scm19dsv {
	type discrete[4] { 0, 1, 2, 3 };
}

variable scm20fpr {
	type discrete[4] { 0, 1, 2, 3 };
}

variable scm21fsv {
	type discrete[4] { 0, 1, 2, 3 };
}

variable variable279 {
	type discrete[5] { state0, state1, state2, state3, state4 };
}

variable variable284 {
	type discrete[5] { state0, state1, state2, state3, state4 };
}

variable variable288 {
	type discrete[4] { state0, state1, state2, state3 };
}

probability ( scm1rue | variable288 ) {
	(state0) 0.03820114604236335, 0.48633197845657655, 0.3932358683433119, 0.0822310071577481;
	(state1) 0.4776527444661427, 0.21210329740762052, 0.17334780971687683, 0.1368961484093601;
	(state2) 0.8355554796350412, 0.13317001923674435, 0.02511549288884354, 0.006159008239370963;
	(state3) 0.5790896103551334, 0.28160100549747646, 0.11901160501957882, 0.020297779127811263;
}

probability ( scm1lue | variable288 ) {
	(state0) 0.10339240785564878, 0.537843662794427, 0.29780430814850095, 0.06095962120142326;
	(state1) 0.5595488938742676, 0.14504725752120298, 0.1388571156548453, 0.156546732949684;
	(state2) 0.7500020474279139, 0.1963568532997705, 0.04971553084703039, 0.003925568425285099;
	(state3) 0.6238145262019449, 0.24323488669481025, 0.11050711396804175, 0.02244347313520298;
}

probability ( scm2rue | variable288 ) {
	(state0) 0.05414854654472094, 0.6210390537589381, 0.2984158872698111, 0.026396512426529805;
	(state1) 0.4920466681425621, 0.29227383355549896, 0.12737367296224306, 0.08830582533969596;
	(state2) 0.815172065727776, 0.16970843343629474, 0.005290770612491409, 0.00982873022343786;
	(state3) 0.5668549029160419, 0.3542547690830949, 0.06415841303399315, 0.014731914966870102;
}

probability ( scm2lue | variable288 ) {
	(state0) 0.11497386732103915, 0.6294861887663499, 0.22424392399542611, 0.03129601991718488;
	(state1) 0.4955197475196068, 0.25893360317097314, 0.13791182364367932, 0.10763482566574073;
	(state2) 0.7442721490192171, 0.23751644210600484, 0.013984475894558025, 0.004226932980219972;
	(state3) 0.6005658218489163, 0.3210948855421671, 0.06499541751771105, 0.013343875091205507;
}

probability ( scm3rue | variable288 ) {
	(state0) 0.06510461088198655, 0.40251854591840114, 0.4892287960664198, 0.043148047133192605;
	(state1) 0.03939613989131917, 0.16086477221148712, 0.48639340048580826, 0.31334568741138547;
	(state2) 0.24071983192325302, 0.522222001548724, 0.21978683427114357, 0.017271332256879365;
	(state3) 0.32912855065118585, 0.5721234441475912, 0.09307663621349317, 0.005671368987729798;
}

probability ( scm3lue | variable288 ) {
	(state0) 0.04841670889108923, 0.4709667096278241, 0.4265267496015418, 0.054089831879544914;
	(state1) 0.058877042452442636, 0.09866353953657671, 0.4077952585182702, 0.4346641594927105;
	(state2) 0.13954342521773996, 0.46408745908312027, 0.3609256956770138, 0.035443420022125846;
	(state3) 0.3444535056074493, 0.47610531474330436, 0.16602591595879607, 0.013415263690450416;
}

probability ( scm4rue | variable288 ) {
	(state0) 0.050116941305433, 0.41677272522561204, 0.5051163669688713, 0.02799396650008366;
	(state1) 0.07054303169028399, 0.21835741893071497, 0.5056267766613765, 0.20547277271762462;
	(state2) 0.21838440518352928, 0.5738871800690538, 0.197866623934838, 0.00986179081257895;
	(state3) 0.32221511487022275, 0.5720239790120375, 0.09467426983427897, 0.011086636283460788;
}

probability ( scm4lue | variable288 ) {
	(state0) 0.07269097179457173, 0.49664979907305107, 0.4146401942093204, 0.016019034923056757;
	(state1) 0.08714419780783876, 0.1589692901316985, 0.4796782794360246, 0.27420823262443816;
	(state2) 0.19303066155571685, 0.5084459987653932, 0.2859195881545683, 0.012603751524321674;
	(state3) 0.39090837387454835, 0.47135572137091847, 0.12487947560420201, 0.01285642915033112;
}

probability ( scm5rise | variable288 ) {
	(state0) 0.24393462116079792, 0.6219101618500475, 0.1290527564926573, 0.005102460496497204;
	(state1) 0.039436883138712055, 0.06684999875613704, 0.44471216298242294, 0.44900095512272803;
	(state2) 0.42466558512053504, 0.451936300976921, 0.11133670224232099, 0.012061411660222789;
	(state3) 0.8673137699451785, 0.1260693781706607, 0.003802048284665994, 0.0028148035994947523;
}

probability ( scm6post | variable288 ) {
	(state0) 0.2742548069660889, 0.5229812208107726, 0.1975540262407731, 0.005209945982365422;
	(state1) 0.04136032213572402, 0.07995057576400827, 0.5560025770902082, 0.32268652501005946;
	(state2) 0.3960751091316006, 0.38951729113981187, 0.20280179337800683, 0.011605806350580769;
	(state3) 0.8791775545414352, 0.11000460306835473, 0.007994897432777266, 0.0028229449574328704;
}

probability ( scm7gait | variable288 ) {
	(state0) 0.06411141275584362, 0.7063272058696981, 0.22448696958833525, 0.005074411786123106;
	(state1) 0.009833318749240292, 0.022060714334758737, 0.7431216864973889, 0.2249842804186121;
	(state2) 0.06809640671878754, 0.7538044703045503, 0.17418443400095784, 0.003914688975704333;
	(state3) 0.6129140022779161, 0.37918364438099667, 0.005087598433906112, 0.0028147549071812555;
}

probability ( scm8spee | variable288 ) {
	(state0) 0.18643687776443374, 0.7294426432949187, 0.07902173127192658, 0.0050987476687209855;
	(state1) 0.010139364540282735, 0.21007050854547488, 0.6232685375815875, 0.15652158933265486;
	(state2) 0.07209380941143731, 0.7773535175096695, 0.1427610493753951, 0.007791623703497974;
	(state3) 0.598342721421857, 0.36834133681581277, 0.022089390943232163, 0.01122655081909792;
}

probability ( scm9free | variable288 ) {
	(state0) 0.4155107568941399, 0.4161418349288971, 0.15330423405068855, 0.015043174126274508;
	(state1) 0.10138176326427902, 0.13144993754859055, 0.4850528632417651, 0.28211543594536537;
	(state2) 0.4541953608362537, 0.3376267587886964, 0.18821362796639599, 0.019964252408653727;
	(state3) 0.9045195103725616, 0.07962777712782243, 0.010082522874950121, 0.0057701896246658045;
}

probability ( scm10swa | variable288 ) {
	(state0) 0.5635417749859557, 0.36001111502326755, 0.0713740406662996, 0.005073069324477328;
	(state1) 0.2420995604617483, 0.40251769783020913, 0.2966154301367917, 0.058767311571250896;
	(state2) 0.5903703940586269, 0.3333943521645928, 0.0685138791444083, 0.007721374632372068;
	(state3) 0.8489368581494828, 0.12033141316765236, 0.027917003601012527, 0.0028147250818522963;
}

probability ( scm11spe | variable279 ) {
	(state0) 0.7136657949540223, 0.24710071366500735, 0.02940977229606376, 0.009823719084906665;
	(state1) 0.6428087603183935, 0.32040746068252646, 0.02019185975678, 0.01659191924230006;
	(state2) 0.05557033870743935, 0.47099503982333385, 0.4265879309596178, 0.04684669050960906;
	(state3) 0.19797849328042735, 0.7021237546410971, 0.09455032382892825, 0.005347428249547139;
	(state4) 0.028461237951277425, 0.09187177832839918, 0.6771694764136333, 0.20249750730669;
}

probability ( scm12fee | variable279 ) {
	(state0) 0.9067158409297165, 0.08330360678734666, 0.005025931824641802, 0.004954620458295162;
	(state1) 0.2905822748316326, 0.6746351145413778, 0.023887012384068616, 0.010895598242920893;
	(state2) 0.021971549419907126, 0.24538770541556837, 0.7090710035674924, 0.02356974159703212;
	(state3) 0.13435269892887425, 0.7664112750263706, 0.09616725556280974, 0.0030687704819453367;
	(state4) 0.02834739369191654, 0.05786789694097056, 0.37833207480157804, 0.5354526345655349;
}

probability ( scm13dre | variable279 ) {
	(state0) 0.8912532838644627, 0.09858390690703574, 0.005215664586223824, 0.004947144642277818;
	(state1) 0.07552329591545202, 0.8933517467512214, 0.025630752432553864, 0.005494204900772567;
	(state2) 0.021297998588841686, 0.08387549218129717, 0.8831870799113062, 0.011639429318554856;
	(state3) 0.02262244058366791, 0.8043309060135988, 0.17036406610947033, 0.002682587293262949;
	(state4) 0.02855057466856372, 0.03249660241967748, 0.13153884978512848, 0.8074139731266303;
}

probability ( scm14hyg | variable279 ) {
	(state0) 0.9242235911356121, 0.06095891647212719, 0.009870347749839319, 0.004947144642421466;
	(state1) 0.13490474316423018, 0.8535516952095349, 0.0060493567237490855, 0.005494204902485939;
	(state2) 0.019709670169944238, 0.15444894681268306, 0.8100715283192453, 0.015769854698127365;
	(state3) 0.04870874795504509, 0.8825243757569232, 0.06608428061263223, 0.002682595675399643;
	(state4) 0.028554067993410728, 0.0296286987350634, 0.17724998837000724, 0.7645672449015187;
}

probability ( scm15cha | variable279 ) {
	(state0) 0.7706685676676592, 0.20532993321082557, 0.019045000384158323, 0.00495649873735675;
	(state1) 0.4287674492999755, 0.5472884783618273, 0.018440130095323644, 0.005503942242873686;
	(state2) 0.008191616114562636, 0.16234443372207377, 0.7319489446995628, 0.0975150054638008;
	(state3) 0.07552826450235384, 0.7393231987396486, 0.17639088587485968, 0.008757650883137801;
	(state4) 0.02828581493581379, 0.0285958589346602, 0.21985644052743838, 0.7232618856020876;
}

probability ( scm16wal | variable279 ) {
	(state0) 0.5803753178237049, 0.3943459089028199, 0.020331618167886718, 0.004947155105588591;
	(state1) 0.4791655551624848, 0.5065831835753816, 0.008578154759680287, 0.005673106502453429;
	(state2) 0.031072916447123643, 0.18958678361685127, 0.7104022761002333, 0.06893802383579173;
	(state3) 0.020378554352773116, 0.8380281292990251, 0.13618112927762338, 0.005412187070578338;
	(state4) 0.028290145060956826, 0.028776512426815323, 0.3107026102203211, 0.6322307322919068;
}

probability ( scm17han | variable279 ) {
	(state0) 0.4179782851386778, 0.5125203648850287, 0.05365452993258525, 0.0158468200437082;
	(state1) 0.20742726606427145, 0.6799448754021259, 0.09761010961531089, 0.015017748918291848;
	(state2) 0.019006420121954984, 0.22089548552256943, 0.6020177700006126, 0.15808032435486288;
	(state3) 0.062314149965043295, 0.672947956990776, 0.24946521793082824, 0.015272675113352502;
	(state4) 0.032693478242669806, 0.09099527139616298, 0.2637195910139921, 0.6125916593471753;
}

probability ( scm18dpr | variable284 ) {
	(state0) 0.012817353199183893, 0.4976077583548114, 0.38538500062530506, 0.10418988782069948;
	(state1) 0.024394300152448565, 0.80535780583176, 0.12981085235769657, 0.040437041658094856;
	(state2) 0.25643770972865404, 0.031478275965562005, 0.3966800131293952, 0.3154040011763888;
	(state3) 0.9484193301721656, 0.034082939934019174, 0.0059467800558371435, 0.011550949837978169;
	(state4) 0.986157214875341, 0.008110507823953025, 0.002862120925447325, 0.0028701563752586328;
}

probability ( scm19dsv | variable284 ) {
	(state0) 0.0247587740748144, 0.4053646855736529, 0.493969557065133, 0.07590698328639982;
	(state1) 0.014407720793037714, 0.8125983695440663, 0.14607156553878203, 0.026922344124114147;
	(state2) 0.24662728371862738, 0.07833674729813327, 0.2588874061350919, 0.4161485628481474;
	(state3) 0.9739345065535984, 0.007632726148217957, 0.012078171977151862, 0.006354595321031823;
	(state4) 0.990880204615652, 0.003352051116417202, 0.003051538475134119, 0.002716205792796739;
}

probability ( scm20fpr | variable284 ) {
	(state0) 0.008093653300339324, 0.35819258505617846, 0.619913535439675, 0.013800226203807223;
	(state1) 0.2727723675735884, 0.6714443560044236, 0.048705072267739624, 0.007078204154248339;
	(state2) 0.018000800815579133, 0.020514139103606204, 0.46526657664501075, 0.4962184834358039;
	(state3) 0.013106352434679202, 0.7648468908125369, 0.20697086086748961, 0.015075895885294217;
	(state4) 0.9858257828535955, 0.008341001118452165, 0.003164950755324245, 0.0026682652726281336;
}

probability ( scm21fsv | variable284 ) {
	(state0) 0.011814911225714738, 0.06823171415928705, 0.862797410731741, 0.05715596388325704;
	(state1) 0.2878728081036751, 0.6758880007580318, 0.027646676189456668, 0.008592514948836248;
	(state2) 0.030516548936507976, 0.01905995136371022, 0.16811412888479496, 0.7823093708149869;
	(state3) 0.037773296281545146, 0.6723725045242877, 0.27883212256359463, 0.011022076630572628;
	(state4) 0.9849781924372812, 0.008262235473514533, 0.004092015661211306, 0.002667556427993039;
}

probability ( variable279 | variable288 ) {
	(state0) 0.02332094358591136, 0.07352633540395055, 0.15151133157898827, 0.7465527508151508, 0.0050886386159990655;
	(state1) 0.00997683442794201, 0.009805832276900054, 0.6603643879584359, 0.015443179967827403, 0.3044097653688946;
	(state2) 0.05969228621063454, 0.01020769084911912, 0.08897791057280416, 0.8336410797323138, 0.007481032635128248;
	(state3) 0.508022712847411, 0.45969453363893087, 0.009671387969081813, 0.019800606612146044, 0.0028107589324302454;
}

probability ( variable284 | variable288 ) {
	(state0) 0.21890238352747532, 0.2620664250954485, 0.024721686427006485, 0.25277007542888197, 0.24153942952118784;
	(state1) 0.22843938025927413, 0.08760459181754143, 0.43247903188594644, 0.12387157085082404, 0.12760542518641374;
	(state2) 0.18663948882194165, 0.2365946150870651, 0.031709042735191297, 0.2994095266767077, 0.2456473266790941;
	(state3) 0.044911593002786625, 0.10716216430077351, 0.003034096311757198, 0.13700710656463586, 0.7078850398200468;
}

probability ( variable288 ) {
	table 0.2154487952224375, 0.1100736075936131, 0.2834820386998942, 0.3909955584840552;
}

