network HLCM1291 {
}

variable scm1rue {
	type discrete[4] { 0, 1, 2, 3 };
}

variable scm1lue {
	type discrete[4] { 0, 1, 2, 3 };
}

variable scm2rue {
	type discrete[4] { 0, 1, 2, 3 };
}

variable scm2lue {
	type discrete[4] { 0, 1, 2, 3 };
}

variable scm3rue {
	type discrete[4] { 0, 1, 2, 3 };
}

variable scm3lue {
	type discrete[4] { 0, 1, 2, 3 };
}

variable scm4rue {
	type discrete[4] { 0, 1, 2, 3 };
}

variable scm4lue {
	type discrete[4] { 0, 1, 2, 3 };
}

variable scm5rise {
	type discrete[4] { 0, 1, 2, 3 };
}

variable scm6post {
	type discrete[4] { 0, 1, 2, 3 };
}

variable scm7gait {
	type discrete[4] { 0, 1, 2, 3 };
}

variable scm8spee {
	type discrete[4] { 0, 1, 2, 3 };
}

variable scm9free {
	type discrete[4] { 0, 1, 2, 3 };
}

variable scm10swa {
	type discrete[4] { 0, 1, 2, 3 };
}

variable scm11spe {
	type discrete[4] { 0, 1, 2, 3 };
}

variable scm12fee {
	type discrete[4] { 0, 1, 2, 3 };
}

variable scm13dre {
	type discrete[4] { 0, 1, 2, 3 };
}

variable scm14hyg {
	type discrete[4] { 0, 1, 2, 3 };
}

variable scm15cha {
	type discrete[4] { 0, 1, 2, 3 };
}

variable scm16wal {
	type discrete[4] { 0, 1, 2, 3 };
}

variable scm17han {
	type discrete[4] { 0, 1, 2, 3 };
}

variable scm18dpr {
	type discrete[4] { 0, 1, 2, 3 };
}

variable scm19dsv {
	type discrete[4] { 0, 1, 2, 3 };
}

variable scm20fpr {
	type discrete[4] { 0, 1, 2, 3 };
}

variable scm21fsv {
	type discrete[4] { 0, 1, 2, 3 };
}

variable variable295 {
	type discrete[5] { state0, state1, state2, state3, state4 };
}

variable variable300 {
	type discrete[5] { state0, state1, state2, state3, state4 };
}

variable variable306 {
	type discrete[6] { state0, state1, state2, state3, state4, state5 };
}

variable variable309 {
	type discrete[4] { state0, state1, state2, state3 };
}

probability ( scm1rue | variable306 ) {
	(state0) 0.6845263092022744, 0.11112237816646003, 0.06004587447858614, 0.14430543815267943;
	(state1) 0.6404494877191999, 0.2279299268606911, 0.10771006335357002, 0.023910522066538983;
	(state2) 0.8867722884959192, 0.0860820672463629, 0.02136406943915521, 0.005781574818562803;
	(state3) 0.013680200524119123, 0.29235415512848156, 0.5739975514480673, 0.11996809289933202;
	(state4) 0.2991822484818755, 0.60354322844003, 0.08635815105972414, 0.010916372018370193;
	(state5) 0.09303918189613103, 0.42945114855489364, 0.3723676799872504, 0.10514198956172488;
}

probability ( scm1lue | variable306 ) {
	(state0) 0.7409093065768454, 0.08187461525156771, 0.07437836013839325, 0.10283771803319366;
	(state1) 0.6869897387825568, 0.18896094277480424, 0.10068234841307797, 0.023366970029561094;
	(state2) 0.8210363094222529, 0.1504379836750786, 0.02357889215190613, 0.004946814750762487;
	(state3) 0.12957821422140417, 0.4309812348606622, 0.34645496617017624, 0.09298558474775732;
	(state4) 0.24267274589132873, 0.573093262924972, 0.16448883087747304, 0.019745160306226132;
	(state5) 0.18070159508284056, 0.3731913063445659, 0.30046752228402984, 0.1456395762885637;
}

probability ( scm2rue | variable306 ) {
	(state0) 0.6843158163556214, 0.14095834664468873, 0.07441066440701821, 0.10031517259267146;
	(state1) 0.6296876364073268, 0.28637232775994503, 0.06635734148334392, 0.01758269434938416;
	(state2) 0.9247097746056144, 0.06361187395231425, 0.0054615949775343835, 0.00621675646453695;
	(state3) 0.04085840609560712, 0.4787300911552625, 0.4374185062394205, 0.042992996509709704;
	(state4) 0.21244228945099836, 0.7448895104830551, 0.03569805881006454, 0.006970141255882056;
	(state5) 0.11189660406947366, 0.5885188093918471, 0.2349343780009073, 0.06465020853777183;
}

probability ( scm2lue | variable306 ) {
	(state0) 0.718114130234935, 0.1338084375323477, 0.0309329629964203, 0.11714446923629689;
	(state1) 0.6637687180642086, 0.2605107725652829, 0.05973983086436029, 0.01598067850614832;
	(state2) 0.8888703596080837, 0.09883243869845773, 0.00729253025185292, 0.005004671441605639;
	(state3) 0.19649311506112616, 0.4884238881102327, 0.26194665553852486, 0.05313634129011639;
	(state4) 0.10805523558948177, 0.7897742496073934, 0.0954503255798632, 0.006720189223261642;
	(state5) 0.10491206788714175, 0.5461839720875562, 0.29168526061943056, 0.057218699405871466;
}

probability ( scm3rue | variable306 ) {
	(state0) 0.060731813727870544, 0.16769142763307765, 0.3727823189650119, 0.3987944396740398;
	(state1) 0.346326333629704, 0.5651331701608933, 0.08199062886416097, 0.006549867345241523;
	(state2) 0.1792030597805703, 0.5385786960672967, 0.2619115766932471, 0.02030666745888595;
	(state3) 0.02617107923388983, 0.2826297454725674, 0.6409016098872496, 0.050297565406293;
	(state4) 0.29457436187354846, 0.6022289610752033, 0.09536185699709003, 0.007834820054158207;
	(state5) 0.0151308502208799, 0.1930848968450166, 0.6677411072685148, 0.1240431456655888;
}

probability ( scm3lue | variable306 ) {
	(state0) 0.10281965004476074, 0.10259948479963367, 0.32626780650676696, 0.46831305864883865;
	(state1) 0.38727414245937936, 0.44188522210611414, 0.15621618812873883, 0.014624447305767578;
	(state2) 0.12189842602863186, 0.4495096927373222, 0.3916477220100453, 0.03694415922400069;
	(state3) 0.06493746568916019, 0.4004947741603928, 0.4703221815761846, 0.0642455785742624;
	(state4) 0.10482549297356308, 0.6502139088042073, 0.229651436365155, 0.01530916185707459;
	(state5) 0.014392003924283124, 0.15848506624317746, 0.5793742995999513, 0.2477486302325881;
}

probability ( scm4rue | variable306 ) {
	(state0) 0.11808919551757499, 0.17306192144904806, 0.41798505720105805, 0.29086382583231896;
	(state1) 0.34080193278628884, 0.5546956031398305, 0.09257954309831916, 0.011922920975561578;
	(state2) 0.18096820690614776, 0.5659599756440071, 0.2407440502756513, 0.012327767174193763;
	(state3) 0.011273826905852923, 0.26451539571047006, 0.6832701128994592, 0.04094066448421779;
	(state4) 0.2266761189548563, 0.7106202010844186, 0.05004647548269041, 0.012657204478034726;
	(state5) 0.04213728051331742, 0.25197502779813796, 0.6731079899889635, 0.032779701699581124;
}

probability ( scm4lue | variable306 ) {
	(state0) 0.14623256622264988, 0.12079961781821884, 0.41146330899442957, 0.3215045069647017;
	(state1) 0.4226710262129501, 0.4391176178092123, 0.12243531714471147, 0.01577603883312593;
	(state2) 0.16060330038713502, 0.5117936098425258, 0.3127451987632198, 0.014857891007119229;
	(state3) 0.02422130063207823, 0.4906313662707656, 0.465314323143884, 0.019833009953272175;
	(state4) 0.23547133320139435, 0.579101762933365, 0.17397794671578948, 0.011448957149450937;
	(state5) 0.015840331460272992, 0.28852493881430974, 0.5942305990521408, 0.10140413067327654;
}

probability ( scm5rise | variable306 ) {
	(state0) 0.06056906232926099, 0.06292438404943146, 0.35096129255824127, 0.5255452610630663;
	(state1) 0.9035615500204704, 0.08925437481149037, 0.003933625418703243, 0.0032504497493360306;
	(state2) 0.4425261031758505, 0.43974173524975224, 0.10159938432914094, 0.016132777245256337;
	(state3) 0.2942956336743524, 0.6519168747725307, 0.04491898107084992, 0.00886851048226693;
	(state4) 0.4120567668902047, 0.5250442234383312, 0.05649288526219765, 0.006406124409266341;
	(state5) 0.015463635217193185, 0.2119661756178611, 0.6184898299361091, 0.15408035922883662;
}

probability ( scm6post | variable306 ) {
	(state0) 0.08308474542577085, 0.07147712231655305, 0.45850231899339566, 0.3869358132642805;
	(state1) 0.9194209189636483, 0.0686095605480122, 0.008705187460670687, 0.0032643330276688988;
	(state2) 0.36706079811325953, 0.3999587164993005, 0.22312785462926402, 0.009852630758176007;
	(state3) 0.29941131979426455, 0.566496637567996, 0.12522438829786814, 0.00886765433987143;
	(state4) 0.4819603034647262, 0.4147211295470703, 0.09081653372906086, 0.012502033259142627;
	(state5) 0.01923800774886074, 0.22672949834226216, 0.6460175380005744, 0.10801495590830286;
}

probability ( scm7gait | variable306 ) {
	(state0) 0.015118598385976328, 0.034704494412283196, 0.6566882456829515, 0.29348866151878894;
	(state1) 0.6665097743654912, 0.32334566543432125, 0.0068946605190101685, 0.0032498996811773464;
	(state2) 0.07338340226147444, 0.7506063738143132, 0.1710910772114037, 0.004919146712808654;
	(state3) 0.0933398036356154, 0.7861024630468462, 0.11169358818811656, 0.008864145129421828;
	(state4) 0.11562007913247738, 0.7873369515193642, 0.09074655183535471, 0.006296417512803637;
	(state5) 0.014945825546977414, 0.06556003246493938, 0.8633330628034862, 0.05616107918459695;
}

probability ( scm8spee | variable306 ) {
	(state0) 0.015378460055125422, 0.18058050992793526, 0.6221842849304109, 0.1818567450865284;
	(state1) 0.6123557969811674, 0.351296115223165, 0.02402703241783736, 0.01232105537783019;
	(state2) 0.07666328990521958, 0.7729290488492491, 0.14056735258099068, 0.00984030866454071;
	(state3) 0.2227662722030063, 0.7126548147069592, 0.05571543105004295, 0.008863482039991545;
	(state4) 0.25041152994012217, 0.6702095562359541, 0.07178561413654554, 0.007593299687378121;
	(state5) 0.014445929121764015, 0.493215839632648, 0.4269448781996443, 0.06539335304594354;
}

probability ( scm9free | variable306 ) {
	(state0) 0.1010754193300115, 0.1436910262393363, 0.37695933424709055, 0.3782742201835616;
	(state1) 0.9204102509131522, 0.059633301484092995, 0.016504060722458216, 0.003452386880296629;
	(state2) 0.4346005025112535, 0.35954898012152536, 0.19603814822152935, 0.009812369145691795;
	(state3) 0.49592021127090685, 0.3850143723331068, 0.10820568166409622, 0.010859734731890001;
	(state4) 0.5656715861156669, 0.3090415528115252, 0.08940849618062605, 0.03587836489218173;
	(state5) 0.12334368828554085, 0.2742745544682809, 0.5287739286519981, 0.07360782859418001;
}

probability ( scm10swa | variable306 ) {
	(state0) 0.24584035618824637, 0.38946156876012145, 0.28440336268165656, 0.08029471236997568;
	(state1) 0.8501727609607157, 0.11691871254860035, 0.029656214311612677, 0.0032523121790713557;
	(state2) 0.5798615606270057, 0.3479913313262756, 0.06274659084228797, 0.009400517204430883;
	(state3) 0.5606494167838616, 0.4007478807181211, 0.029740421279514928, 0.008862281218502218;
	(state4) 0.7175358926730847, 0.20854685475367873, 0.06761797099597705, 0.006299281577259303;
	(state5) 0.26281399470682915, 0.44798463237681185, 0.26637391923477427, 0.02282745368158485;
}

probability ( scm11spe | variable300 ) {
	(state0) 0.02960795855618677, 0.09105593995733775, 0.6711904242983023, 0.2081456771881732;
	(state1) 0.7407789209200839, 0.226936223662858, 0.021297677062741008, 0.010987178354317072;
	(state2) 0.02722261057445433, 0.42939633776952413, 0.4871812412277503, 0.05619981042827123;
	(state3) 0.11781968060772319, 0.7385779759983427, 0.1357603739252418, 0.007841969468692152;
	(state4) 0.32844150238832687, 0.5991187646675747, 0.0644345816607252, 0.00800515128337326;
}

probability ( scm12fee | variable300 ) {
	(state0) 0.029509724895326873, 0.0599374236319966, 0.35832315762411826, 0.5522296938485582;
	(state1) 0.7968181022213606, 0.18902971519371223, 0.01017003132991061, 0.003982151255016534;
	(state2) 0.01866044139408918, 0.22541379954854832, 0.7340077965275993, 0.02191796252976328;
	(state3) 0.2009963188785211, 0.5130729977997787, 0.27062476769064836, 0.015305915631051983;
	(state4) 0.12055203446778344, 0.834375613655801, 0.04009696027478741, 0.00497539160162794;
}

probability ( scm13dre | variable300 ) {
	(state0) 0.02973167893444353, 0.031368978448341425, 0.11903303295905882, 0.8198663096581563;
	(state1) 0.704034341475338, 0.2838857635639275, 0.008378980097639762, 0.0037009148630948044;
	(state2) 0.015940191789759015, 0.07784070753259295, 0.8854970730991139, 0.0207220275785343;
	(state3) 0.07352975630129997, 0.4427003816252996, 0.47610969072907994, 0.007660171344320484;
	(state4) 0.00909098102246293, 0.9305500119843506, 0.05769922401962692, 0.00265978297355945;
}

probability ( scm14hyg | variable300 ) {
	(state0) 0.0297319925952891, 0.030383360329693226, 0.14762388054706338, 0.7922607665279544;
	(state1) 0.7538445795711055, 0.23740111170628928, 0.00505339385942369, 0.0037009148631814864;
	(state2) 0.01607467986595731, 0.11217953637209717, 0.8516366205248581, 0.020109163237087266;
	(state3) 0.05749390517957701, 0.6777221016917961, 0.25711653854104555, 0.007667454587581227;
	(state4) 0.05067198512084162, 0.9334691358400276, 0.013199095964921729, 0.0026597830742090306;
}

probability ( scm15cha | variable300 ) {
	(state0) 0.029506250228950034, 0.029809215296158265, 0.2063009645676057, 0.734383569907286;
	(state1) 0.7551512667748093, 0.23034531532490526, 0.010800230274557558, 0.003703187625727999;
	(state2) 0.00956580372563911, 0.15645222278814466, 0.7262205798305974, 0.1077613936556188;
	(state3) 0.0532416061245043, 0.4479431582176237, 0.4630902972663364, 0.03572493839153562;
	(state4) 0.13551906979294884, 0.7963208038704597, 0.06543382679731115, 0.0027262995392804733;
}

probability ( scm16wal | variable300 ) {
	(state0) 0.02951100684758787, 0.029833386116810173, 0.2955040818768771, 0.6451515251587249;
	(state1) 0.6156225621734752, 0.36779084912298365, 0.012883611651021995, 0.003702977052519106;
	(state2) 0.020192712597733597, 0.11877444819896003, 0.7768407824034264, 0.08419205679988005;
	(state3) 0.045938083429477576, 0.6540002865163623, 0.2906491050194485, 0.009412525034711537;
	(state4) 0.11035410177092528, 0.8249687056228093, 0.05936949598050156, 0.005307696625763765;
}

probability ( scm17han | variable300 ) {
	(state0) 0.031468271493294446, 0.0906014577885808, 0.2575680952177186, 0.6203621755004062;
	(state1) 0.3829165601412407, 0.5468209616717482, 0.05336296215887686, 0.016899516028134373;
	(state2) 0.018931381742403285, 0.17515238807638922, 0.631129496440619, 0.17478673374058848;
	(state3) 0.04955646409978943, 0.5999456919882249, 0.2993773373984274, 0.051120506513558324;
	(state4) 0.09564403774936299, 0.6938796771372973, 0.20454620172830296, 0.005930083385036685;
}

probability ( scm18dpr | variable295 ) {
	(state0) 0.012608071773457517, 0.12010276877636022, 0.6078087245767402, 0.25948043487344213;
	(state1) 0.8841001547960842, 0.062450116644545486, 0.034348820640334496, 0.019100907919035914;
	(state2) 0.9523283250811699, 0.025227147958800065, 0.007182010866703043, 0.01526251609332696;
	(state3) 0.9859045395447933, 0.00831407194979398, 0.002878762854184946, 0.002902625651227745;
	(state4) 0.020293961318530132, 0.8027069563659678, 0.1306828215309155, 0.046316260784586664;
}

probability ( scm19dsv | variable295 ) {
	(state0) 0.012171907879583686, 0.10800472931651203, 0.5736073247391736, 0.30621603806473047;
	(state1) 0.9180019042141265, 0.02616656904528547, 0.03649343707460334, 0.019338089665984756;
	(state2) 0.9692656964367788, 0.007976438959914423, 0.013623073582505038, 0.009134791020801747;
	(state3) 0.9910110587056715, 0.003248280560893042, 0.0030318547314514325, 0.0027088060019840056;
	(state4) 0.01872041863488677, 0.7712463274382245, 0.18498643048477395, 0.025046823442114775;
}

probability ( scm20fpr | variable295 ) {
	(state0) 0.01072518819348262, 0.12029496734871346, 0.6388073137252067, 0.23017253073259716;
	(state1) 0.023873696645600424, 0.08387182834528575, 0.7370314809332913, 0.15522299407582257;
	(state2) 0.018785131095803684, 0.917455777720086, 0.05449236414541362, 0.00926672703869667;
	(state3) 0.9868196939903843, 0.007578084913758824, 0.002936264308714671, 0.002665956787142322;
	(state4) 0.19165680220840076, 0.6269463620746518, 0.1767315279035468, 0.004665307813400697;
}

probability ( scm21fsv | variable295 ) {
	(state0) 0.019858547065548245, 0.01233992367099247, 0.5710987286254746, 0.39670280063798474;
	(state1) 0.02173889671044045, 0.10118821257237136, 0.6413670908309795, 0.2357057998862087;
	(state2) 0.046509566070714485, 0.8014016988966848, 0.14532141410156987, 0.006767320931030876;
	(state3) 0.9867640359011828, 0.006643676428149721, 0.003926967142358227, 0.0026653205283093634;
	(state4) 0.20450171197281883, 0.5104769681960013, 0.2775964999583915, 0.007424819872788385;
}

probability ( variable295 | variable309 ) {
	(state0) 0.009358404411374192, 0.00863675720006488, 0.09951044800603742, 0.7550810696069439, 0.12741332077557968;
	(state1) 0.07367647795920532, 0.03228294670666227, 0.27466734783722985, 0.35143697918822553, 0.26793624830867696;
	(state2) 0.4760150009686038, 0.23166373388315453, 0.029552437419125936, 0.12583922618264587, 0.13692960154646994;
	(state3) 0.12234032889806669, 0.09828962777724481, 0.1614576872807499, 0.029697426270029362, 0.5882149297739091;
}

probability ( variable300 | variable309 ) {
	(state0) 0.0033219455727959675, 0.8329225095261829, 0.006942302542681282, 0.006503312939642388, 0.15030992941869759;
	(state1) 0.003900240023500965, 0.027358728238636824, 0.020870535010146123, 0.05999992271806696, 0.8878705740096491;
	(state2) 0.24042278963559585, 0.010320838033809185, 0.7070357044528971, 0.03041354913911127, 0.01180711873858657;
	(state3) 0.014529809251818675, 0.041752894414029, 0.06820725804851563, 0.8065805250124594, 0.06892951327317744;
}

probability ( variable306 | variable309 ) {
	(state0) 0.0034634474503222315, 0.8583337337617992, 0.022104189095548957, 0.014136576203335645, 0.09858123092353124, 0.003380822565462743;
	(state1) 0.003132224915104009, 0.10878513653581723, 0.3660562526370627, 0.2323860591779363, 0.28534943234740395, 0.0042908943866757435;
	(state2) 0.5208417387102379, 0.01762484733326999, 0.05952420521647816, 0.026238547930139994, 0.041756900145088156, 0.33401376066478566;
	(state3) 0.012025257551498874, 0.03023662075945421, 0.4401769213571649, 0.16398642798612661, 0.15725167565864084, 0.19632309668711445;
}

probability ( variable309 ) {
	table 0.3336072524426234, 0.39538388782297934, 0.13232200109991418, 0.1386868586344832;
}

