network HLCM612 {
}

variable scm1rue {
	type discrete[4] { 0, 1, 2, 3 };
}

variable scm1lue {
	type discrete[4] { 0, 1, 2, 3 };
}

variable scm2rue {
	type discrete[4] { 0, 1, 2, 3 };
}

variable scm2lue {
	type discrete[4] { 0, 1, 2, 3 };
}

variable scm3rue {
	type discrete[4] { 0, 1, 2, 3 };
}

variable scm3lue {
	type discrete[4] { 0, 1, 2, 3 };
}

variable scm4rue {
	type discrete[4] { 0, 1, 2, 3 };
}

variable scm4lue {
	type discrete[4] { 0, 1, 2, 3 };
}

variable scm5rise {
	type discrete[4] { 0, 1, 2, 3 };
}

variable scm6post {
	type discrete[4] { 0, 1, 2, 3 };
}

variable scm7gait {
	type discrete[4] { 0, 1, 2, 3 };
}

variable scm9free {
	type discrete[4] { 0, 1, 2, 3 };
}

variable scm18dpr {
	type discrete[4] { 0, 1, 2, 3 };
}

variable scm19dsv {
	type discrete[4] { 0, 1, 2, 3 };
}

variable scm20fpr {
	type discrete[4] { 0, 1, 2, 3 };
}

variable scm21fsv {
	type discrete[4] { 0, 1, 2, 3 };
}

variable scm8spee {
	type discrete[4] { 0, 1, 2, 3 };
}

variable scm10swa {
	type discrete[4] { 0, 1, 2, 3 };
}

variable scm11spe {
	type discrete[4] { 0, 1, 2, 3 };
}

variable scm12fee {
	type discrete[4] { 0, 1, 2, 3 };
}

variable scm13dre {
	type discrete[4] { 0, 1, 2, 3 };
}

variable scm14hyg {
	type discrete[4] { 0, 1, 2, 3 };
}

variable scm15cha {
	type discrete[4] { 0, 1, 2, 3 };
}

variable scm16wal {
	type discrete[4] { 0, 1, 2, 3 };
}

variable scm17han {
	type discrete[4] { 0, 1, 2, 3 };
}

variable variable153 {
	type discrete[4] { state0, state1, state2, state3 };
}

variable variable159 {
	type discrete[5] { state0, state1, state2, state3, state4 };
}

variable variable162 {
	type discrete[3] { state0, state1, state2 };
}

probability ( scm1rue | variable159 ) {
	(state0) 0.3536865458105663, 0.4106584013527994, 0.19439611298806628, 0.041258939848567946;
	(state1) 0.9084048292923218, 0.07489761541260924, 0.008671543843332245, 0.008026011451736653;
	(state2) 0.4044907045694154, 0.28476388069049774, 0.23264153520497124, 0.0781038795351157;
	(state3) 0.5409913565643272, 0.21512296469311737, 0.12792709028337862, 0.11595858845917678;
	(state4) 0.12407223790672792, 0.5612972068342095, 0.25454190694268775, 0.06008864831637499;
}

probability ( scm1lue | variable159 ) {
	(state0) 0.3658715492243695, 0.452406230932804, 0.14398432550962098, 0.03773789433320572;
	(state1) 0.6271511341842659, 0.2161330407258463, 0.1190563637795533, 0.03765946131033439;
	(state2) 0.4294045584118801, 0.35154049419061084, 0.20375114706786088, 0.015303800329648103;
	(state3) 0.5606734704503237, 0.1411084313078465, 0.14405209920057133, 0.1541659990412586;
	(state4) 0.6097941874459208, 0.29618876294824975, 0.08234597505564996, 0.011671074550179471;
}

probability ( scm2rue | variable159 ) {
	(state0) 0.36157487537355426, 0.47131728784021537, 0.14748733358344157, 0.019620503202788783;
	(state1) 0.8903936085668896, 0.09452383892275801, 0.00713004749907017, 0.007952505011282307;
	(state2) 0.4075700109775439, 0.39944449410042304, 0.1702977529037326, 0.02268774201830039;
	(state3) 0.5163969858941216, 0.23031042003003713, 0.1507049159084748, 0.1025876781673665;
	(state4) 0.13994034002659586, 0.6966292738555513, 0.1228077128219229, 0.04062267329592993;
}

probability ( scm2lue | variable159 ) {
	(state0) 0.38177854762380425, 0.4888253050036986, 0.1076506047426153, 0.0217455426298818;
	(state1) 0.6702490498758025, 0.22497279594240202, 0.08507833259316486, 0.01969982158863085;
	(state2) 0.42861537992371357, 0.43029176916665174, 0.12579462167689473, 0.01529822923273987;
	(state3) 0.53880008986325, 0.19635387181606387, 0.14493919552223664, 0.11990684279844945;
	(state4) 0.5490247956307746, 0.4051388385136969, 0.035351782419851756, 0.010484583435676712;
}

probability ( scm3rue | variable159 ) {
	(state0) 0.1244924080898334, 0.5166506799375344, 0.3383747452558137, 0.020482166716818448;
	(state1) 0.35840181864342596, 0.5617454046639684, 0.06661626691257107, 0.013236509780034442;
	(state2) 0.1465941294405258, 0.4171926184976624, 0.3814424681679753, 0.0547707838938366;
	(state3) 0.05744418328814536, 0.22912259141410246, 0.48981521534768474, 0.2236180099500674;
	(state4) 0.23451126123729946, 0.5988994802245906, 0.15676940733663963, 0.009819851201470279;
}

probability ( scm3lue | variable159 ) {
	(state0) 0.059093435022957816, 0.5194260421846095, 0.3840102530582863, 0.03747026973414628;
	(state1) 0.14496960203343626, 0.5657082249916129, 0.2643122914262931, 0.025009881548657773;
	(state2) 0.12497090530217822, 0.42286227753181366, 0.40982653786203305, 0.04234027930397501;
	(state3) 0.08793847008577395, 0.122615106700969, 0.36868281949761966, 0.4207636037156374;
	(state4) 0.5547978953258464, 0.37935034945290325, 0.05585346365963828, 0.009998291561611994;
}

probability ( scm4rue | variable159 ) {
	(state0) 0.08047406400792487, 0.48624105549887514, 0.4038554760604151, 0.029429404432784922;
	(state1) 0.33434895500349887, 0.5418404053174303, 0.10406178634313043, 0.01974885333594032;
	(state2) 0.16899317810717782, 0.41790205864639673, 0.3959823109531684, 0.01712245229325718;
	(state3) 0.11618191244905429, 0.19456316921198133, 0.5048162710269016, 0.1844386473120628;
	(state4) 0.18862463797982879, 0.668006676660687, 0.13358889920206818, 0.00977978615741601;
}

probability ( scm4lue | variable159 ) {
	(state0) 0.11038570372866663, 0.49350261925039274, 0.3810773967771412, 0.01503428024379934;
	(state1) 0.2073958223140563, 0.5541657127437304, 0.20548874996164834, 0.03294971498056508;
	(state2) 0.16151197721993882, 0.4414191596036592, 0.3894004734927586, 0.007668389683643391;
	(state3) 0.10908316855826983, 0.1329731174555696, 0.4839334578232416, 0.2740102561629189;
	(state4) 0.5707673815866816, 0.40147734358086407, 0.01772356588670698, 0.01003170894574743;
}

probability ( scm5rise | variable159 ) {
	(state0) 0.30062685361271657, 0.5862243904554288, 0.10585680387897949, 0.007291952052875278;
	(state1) 0.8665301092747326, 0.11248914737968264, 0.014258255662917923, 0.0067224876826668615;
	(state2) 0.35825205685277295, 0.505136742169375, 0.12110004065198102, 0.015511160325870896;
	(state3) 0.09426226820533228, 0.1181673376276706, 0.41121407802935717, 0.37635631613764;
	(state4) 0.8527565361423771, 0.1230922725993536, 0.014391042464780526, 0.00976014879348872;
}

probability ( scm6post | variable159 ) {
	(state0) 0.36264483577665224, 0.46307292287103113, 0.16000901022902111, 0.014273231123295623;
	(state1) 0.8966825644511871, 0.08264478030641982, 0.01392937005895899, 0.006743285183434115;
	(state2) 0.3116286917916858, 0.4805718120952653, 0.20007242449066037, 0.007727071622388617;
	(state3) 0.09802632159817241, 0.14213559049878743, 0.4684762474430416, 0.2913618404599986;
	(state4) 0.8803102190329012, 0.09606724387599247, 0.013752353944855626, 0.009870183146250757;
}

probability ( scm7gait | variable159 ) {
	(state0) 0.08181010985160152, 0.726272668148711, 0.18466262166450667, 0.007254600335180777;
	(state1) 0.568486171875942, 0.41648129578810883, 0.0083101345077432, 0.006722397828205901;
	(state2) 0.11749589363525015, 0.6154651020232349, 0.2593480320933084, 0.007690972248206425;
	(state3) 0.01722042931658851, 0.0726396583120284, 0.6875192963994594, 0.22262061597192367;
	(state4) 0.5251106867474653, 0.44244073571549664, 0.02268842899088025, 0.009760148546157869;
}

probability ( scm9free | variable159 ) {
	(state0) 0.5196101010153829, 0.3614021525697792, 0.10410376791308196, 0.014883978501756018;
	(state1) 0.8678893211000739, 0.09728948130442572, 0.02809632336365231, 0.006724874231848014;
	(state2) 0.26652442229327755, 0.46063762614858395, 0.24180600609243466, 0.031031945465703804;
	(state3) 0.09645968679263132, 0.07169577378511433, 0.491032812959779, 0.34081172646247543;
	(state4) 0.9057939399341913, 0.05269647395479567, 0.03172349293406109, 0.009786093176951985;
}

probability ( scm18dpr | variable159 ) {
	(state0) 0.9515457578096201, 0.026857697839551404, 0.014286556587793669, 0.007309987763034807;
	(state1) 0.8439572398656221, 0.09310866553992038, 0.04451430438835059, 0.018419790206106988;
	(state2) 0.008281324324605092, 0.6750200683404761, 0.20771933274034665, 0.10897927459457227;
	(state3) 0.4552864293469478, 0.1633487441900571, 0.20959048309340542, 0.17177434336958966;
	(state4) 0.8836524812529145, 0.09606634782742818, 0.010462590602362041, 0.009818580317295355;
}

probability ( scm19dsv | variable159 ) {
	(state0) 0.9429885603587581, 0.022569856925904012, 0.02027958070188986, 0.014162002013448175;
	(state1) 0.8500525761592834, 0.10029474948305805, 0.03904035705623215, 0.010612317301426361;
	(state2) 0.01847553881468749, 0.6201392937740594, 0.2706503814644947, 0.09073478594675834;
	(state3) 0.4565209129735686, 0.12381236581618918, 0.25558223109126005, 0.16408449011898224;
	(state4) 0.8921566139297986, 0.08620922151179278, 0.011369545527919014, 0.010264619030489704;
}

probability ( scm20fpr | variable159 ) {
	(state0) 0.377419765587959, 0.5088063454738149, 0.0934824073131569, 0.020291481625069302;
	(state1) 0.8086936991215847, 0.16668451122406727, 0.017899710677762824, 0.006722078976585137;
	(state2) 0.01942655205165208, 0.5831892994546937, 0.3681234426128516, 0.029260705880802484;
	(state3) 0.15037702448502224, 0.152088241400523, 0.41687797180653496, 0.28065676230791975;
	(state4) 0.8229069797954555, 0.13725565689369407, 0.030077207294839526, 0.009760156016011077;
}

probability ( scm21fsv | variable159 ) {
	(state0) 0.4060208228634525, 0.403138632610066, 0.17731349818328773, 0.013527046343193736;
	(state1) 0.8037703224812927, 0.1669752983614926, 0.022500522376828164, 0.006753856780386884;
	(state2) 0.012226099449327678, 0.4627700178314606, 0.46383115535769315, 0.061172727361518645;
	(state3) 0.15036334483584135, 0.07923283731681563, 0.373867035488271, 0.39653678235907186;
	(state4) 0.8495327663855289, 0.11279368508607683, 0.02791118825066672, 0.00976236027772751;
}

probability ( scm8spee | variable153 ) {
	(state0) 0.6007328789544553, 0.34663218093789594, 0.0360867405940266, 0.01654819951362227;
	(state1) 0.05156139748605913, 0.05169095571758351, 0.6390492905351084, 0.25769835626124904;
	(state2) 0.15117490426767477, 0.7601243699546866, 0.07854348935716068, 0.010157236420478017;
	(state3) 0.012707671262472171, 0.4291069553120767, 0.5454881030047031, 0.012697270420747992;
}

probability ( scm10swa | variable153 ) {
	(state0) 0.8901326140031373, 0.08724034427995322, 0.017149200274396374, 0.005477841442513031;
	(state1) 0.282534139254834, 0.37581844845093765, 0.238452627841805, 0.10319478445242335;
	(state2) 0.629730110100491, 0.3198730664850651, 0.04698678608995647, 0.0034100373244874984;
	(state3) 0.3344454383751535, 0.40586329811556887, 0.23433634331189052, 0.025354920197387033;
}

probability ( scm11spe | variable153 ) {
	(state0) 0.7013204954068886, 0.256168335605074, 0.02596320370270287, 0.016547965285334476;
	(state1) 0.051624708732783894, 0.12043124648515766, 0.6217849210838807, 0.20615912369817782;
	(state2) 0.22741964686383528, 0.6655007612444359, 0.09697044407688456, 0.010109147814844236;
	(state3) 0.04160932292400805, 0.4155183510044217, 0.5299956565866294, 0.012876669484940942;
}

probability ( scm12fee | variable153 ) {
	(state0) 0.7769927690191842, 0.19207455617608302, 0.020114781030289134, 0.01081789377444376;
	(state1) 0.053073457545658835, 0.051787579041502774, 0.31099247895908744, 0.5841464844537511;
	(state2) 0.1518250710423433, 0.7816306893109938, 0.06304938670107402, 0.0034948529455891093;
	(state3) 0.02036215941906319, 0.2756192960062631, 0.6828694818960365, 0.021149062678637132;
}

probability ( scm13dre | variable153 ) {
	(state0) 0.6974103206302359, 0.2803259090417833, 0.01678592888493689, 0.005477841443044084;
	(state1) 0.05307170403409147, 0.05166215993241719, 0.17503596447751069, 0.7202301715559807;
	(state2) 0.015609371178496142, 0.8493896521864951, 0.1315909189006053, 0.0034100577344034545;
	(state3) 0.013681502399196226, 0.1362823772645206, 0.8116346796257011, 0.038401440710582005;
}

probability ( scm14hyg | variable153 ) {
	(state0) 0.7444473701538056, 0.23953313087583714, 0.010541657527000281, 0.0054778414433570765;
	(state1) 0.053058194021325146, 0.05177523231944324, 0.21081878583223976, 0.6843477878269918;
	(state2) 0.05613179979513311, 0.8849572819960638, 0.05550085765288265, 0.00341006055592041;
	(state3) 0.02041057140086309, 0.18723178733775578, 0.7578118328678066, 0.03454580839357439;
}

probability ( scm15cha | variable153 ) {
	(state0) 0.7828101814094862, 0.1967439612250174, 0.01496801590001658, 0.005477841465479759;
	(state1) 0.05159657849829003, 0.053147373362838604, 0.07116260278859828, 0.8240934453502732;
	(state2) 0.1160533491418183, 0.7532368942659127, 0.12729537308196376, 0.003414383510305266;
	(state3) 0.013467945699747559, 0.21784349568090164, 0.7051129127624822, 0.06357564585686847;
}

probability ( scm16wal | variable153 ) {
	(state0) 0.6398544970157475, 0.3467146281696748, 0.007952797276930091, 0.005478077537647582;
	(state1) 0.05159284884803965, 0.05313362983069262, 0.22523519752630317, 0.6700383237949646;
	(state2) 0.08699786169201527, 0.8201257049243216, 0.08832267276583086, 0.004553760617832365;
	(state3) 0.03399966867657542, 0.21793614073861267, 0.7015602479099515, 0.04650394267486046;
}

probability ( scm17han | variable153 ) {
	(state0) 0.3712293319085778, 0.5506287887011984, 0.0620682904375221, 0.01607358895270161;
	(state1) 0.05154061484316948, 0.13734050668400608, 0.1869775584806203, 0.6241413199922041;
	(state2) 0.055013769111985376, 0.6820101711548183, 0.25414114178771513, 0.008834917945481162;
	(state3) 0.01393310453151043, 0.20072049264990627, 0.5776481019105997, 0.20769830090798366;
}

probability ( variable153 | variable162 ) {
	(state0) 0.020230625094832422, 0.004214142646902144, 0.8526841719090908, 0.12287106034917451;
	(state1) 0.7294933389679075, 0.004294282436417856, 0.2590261414104062, 0.0071862371852684835;
	(state2) 0.0351591460697252, 0.2523463296702743, 0.04107434973781225, 0.6714201745221882;
}

probability ( variable159 | variable162 ) {
	(state0) 0.477985704483002, 0.06390300291694323, 0.425794200059033, 0.009751181404064701, 0.02256591113695721;
	(state1) 0.02383271537052197, 0.5398995106339403, 0.035169152712244675, 0.00878909335147508, 0.39230952793181806;
	(state2) 0.045943761797301905, 0.02157559315082895, 0.10445189444155033, 0.8050790451926254, 0.022949705417693367;
}

probability ( variable162 ) {
	table 0.4710021934330767, 0.41953867195747635, 0.10945913460944702;
}

