network HLCM861 {
}

variable scm1rue {
	type discrete[4] { 0, 1, 2, 3 };
}

variable scm1lue {
	type discrete[4] { 0, 1, 2, 3 };
}

variable scm2rue {
	type discrete[4] { 0, 1, 2, 3 };
}

variable scm2lue {
	type discrete[4] { 0, 1, 2, 3 };
}

variable scm3rue {
	type discrete[4] { 0, 1, 2, 3 };
}

variable scm3lue {
	type discrete[4] { 0, 1, 2, 3 };
}

variable scm4rue {
	type discrete[4] { 0, 1, 2, 3 };
}

variable scm4lue {
	type discrete[4] { 0, 1, 2, 3 };
}

variable scm5rise {
	type discrete[4] { 0, 1, 2, 3 };
}

variable scm6post {
	type discrete[4] { 0, 1, 2, 3 };
}

variable scm7gait {
	type discrete[4] { 0, 1, 2, 3 };
}

variable scm8spee {
	type discrete[4] { 0, 1, 2, 3 };
}

variable scm9free {
	type discrete[4] { 0, 1, 2, 3 };
}

variable scm10swa {
	type discrete[4] { 0, 1, 2, 3 };
}

variable scm11spe {
	type discrete[4] { 0, 1, 2, 3 };
}

variable scm12fee {
	type discrete[4] { 0, 1, 2, 3 };
}

variable scm13dre {
	type discrete[4] { 0, 1, 2, 3 };
}

variable scm14hyg {
	type discrete[4] { 0, 1, 2, 3 };
}

variable scm15cha {
	type discrete[4] { 0, 1, 2, 3 };
}

variable scm16wal {
	type discrete[4] { 0, 1, 2, 3 };
}

variable scm17han {
	type discrete[4] { 0, 1, 2, 3 };
}

variable scm18dpr {
	type discrete[4] { 0, 1, 2, 3 };
}

variable scm19dsv {
	type discrete[4] { 0, 1, 2, 3 };
}

variable scm20fpr {
	type discrete[4] { 0, 1, 2, 3 };
}

variable scm21fsv {
	type discrete[4] { 0, 1, 2, 3 };
}

variable variable184 {
	type discrete[4] { state0, state1, state2, state3 };
}

variable variable188 {
	type discrete[3] { state0, state1, state2 };
}

variable variable194 {
	type discrete[4] { state0, state1, state2, state3 };
}

variable variable198 {
	type discrete[3] { state0, state1, state2 };
}

probability ( scm1rue | variable194 ) {
	(state0) 0.034162805702034615, 0.47577766135963273, 0.3957641383990488, 0.09429539453928382;
	(state1) 0.7737954865917397, 0.20377632326748538, 0.014893878048387916, 0.007534312092387113;
	(state2) 0.534986078976614, 0.22981667246237292, 0.13631653252268847, 0.09888071603832478;
	(state3) 0.5633240653607302, 0.2861178669531372, 0.11397874767135405, 0.03657932001477853;
}

probability ( scm1lue | variable194 ) {
	(state0) 0.10535905907364466, 0.5687518281110007, 0.27572743498020363, 0.050161677835151075;
	(state1) 0.73088717017932, 0.2202516855852145, 0.042050319208175646, 0.006810825027289817;
	(state2) 0.5475670069988737, 0.20284916940810124, 0.1369076853212453, 0.11267613827177965;
	(state3) 0.6093744385079446, 0.24138329117443028, 0.12090782807410738, 0.028334442243517707;
}

probability ( scm2rue | variable194 ) {
	(state0) 0.059711409484533046, 0.6078326952277272, 0.3023427401810867, 0.030113155106653137;
	(state1) 0.7973598551988541, 0.18706224192666854, 0.0067970478365720795, 0.008780855037905311;
	(state2) 0.4889996738090818, 0.30513450887462135, 0.13868747642714724, 0.06717834088914963;
	(state3) 0.5403767926603734, 0.37988013049150476, 0.05277808160455144, 0.026964995243570294;
}

probability ( scm2lue | variable194 ) {
	(state0) 0.1554121027412694, 0.6220749650529831, 0.18639021414693713, 0.03612271805881033;
	(state1) 0.7324358278071406, 0.24383627931067398, 0.017108070419575912, 0.006619822462609623;
	(state2) 0.5033576954917818, 0.26339066468489525, 0.1487648569093379, 0.0844867829139851;
	(state3) 0.5950447427699325, 0.31549034000356563, 0.07538512110394614, 0.01407979612255571;
}

probability ( scm3rue | variable194 ) {
	(state0) 0.06251884243998913, 0.42926685062298015, 0.463676229222458, 0.0445380777145727;
	(state1) 0.2454933014287175, 0.5537580716936644, 0.18153068086105123, 0.019217946016566845;
	(state2) 0.043822174843997856, 0.2337886708581128, 0.5127383122975708, 0.20965084200031864;
	(state3) 0.31515633715894337, 0.5778843324961972, 0.10216220509945993, 0.0047971252453996305;
}

probability ( scm3lue | variable194 ) {
	(state0) 0.05189090058371262, 0.5040662563553238, 0.40897143417644266, 0.0350714088845211;
	(state1) 0.1376797013362446, 0.5004210379783814, 0.326115569367789, 0.03578369131758501;
	(state2) 0.06896409215488425, 0.13047412462913435, 0.4389642707050958, 0.36159751251088557;
	(state3) 0.34865475647097943, 0.47453622234337606, 0.16255350436786833, 0.014255516817776112;
}

probability ( scm4rue | variable194 ) {
	(state0) 0.05780316034884452, 0.38984511027927166, 0.5182568282798009, 0.03409490109208288;
	(state1) 0.21525066862561393, 0.5684878975438131, 0.20761038053924155, 0.008651053291331525;
	(state2) 0.10804567449325345, 0.20809464964747565, 0.528945178313471, 0.15491449754579997;
	(state3) 0.28073849252831073, 0.5922546640083292, 0.11305300606836524, 0.013953837394994886;
}

probability ( scm4lue | variable194 ) {
	(state0) 0.09032029913570397, 0.4909413468276924, 0.39712466279118963, 0.02161369124541398;
	(state1) 0.21166039818419746, 0.4897244048711917, 0.2852844125621357, 0.013330784382475236;
	(state2) 0.08396174088574197, 0.19301746911604234, 0.511432787177052, 0.21158800282116375;
	(state3) 0.3785580569157889, 0.46986696989756965, 0.13292555101869682, 0.018649422167944657;
}

probability ( scm5rise | variable194 ) {
	(state0) 0.27955994947235374, 0.6420546803979124, 0.07117165225959647, 0.007213717870137482;
	(state1) 0.46163695548142425, 0.4316274714686517, 0.09372459484863101, 0.013010978201292996;
	(state2) 0.06941575256680856, 0.17438584067672888, 0.44597140864613516, 0.31022699811032733;
	(state3) 0.9194990610964244, 0.07009570802108259, 0.005690109736562088, 0.004715121145930882;
}

probability ( scm6post | variable194 ) {
	(state0) 0.29032971438495103, 0.536499246517662, 0.16564362635633342, 0.00752741274105356;
	(state1) 0.5170553090064642, 0.34985770698976315, 0.12029183744192312, 0.012795146561849472;
	(state2) 0.06376020155619358, 0.19698019386610996, 0.49983840180784644, 0.23942120276985002;
	(state3) 0.9217154791999094, 0.0676647597243354, 0.005834614910258512, 0.004785146165496606;
}

probability ( scm7gait | variable194 ) {
	(state0) 0.06676740737300518, 0.7526237534305797, 0.17339627499063062, 0.007212564205784466;
	(state1) 0.1140093791165768, 0.7139998831239825, 0.16538234371736618, 0.006608394042074466;
	(state2) 0.014176437442049649, 0.07751224104123637, 0.7252404813811169, 0.18307084013559727;
	(state3) 0.6477223284326132, 0.34143804683805734, 0.006124527370351948, 0.00471509735897734;
}

probability ( scm8spee | variable194 ) {
	(state0) 0.22679829238507251, 0.6961242761424514, 0.06986227083427526, 0.007215160638200703;
	(state1) 0.0444063695533606, 0.8011284583286951, 0.14088567527586301, 0.01357949684208142;
	(state2) 0.01427293559320603, 0.2415453465437782, 0.6737602195520357, 0.07042149831098017;
	(state3) 0.5505852537225553, 0.4023878297494793, 0.02847996403712322, 0.018546952490842213;
}

probability ( scm9free | variable194 ) {
	(state0) 0.420499576590062, 0.4329799526757059, 0.12468729510839681, 0.021833175625835324;
	(state1) 0.4648771051327092, 0.3404284956867911, 0.17394389225891174, 0.020750506921587964;
	(state2) 0.08398948426115808, 0.13294355858149734, 0.504328867085684, 0.27873809007166067;
	(state3) 0.9333008556895229, 0.05510611227509738, 0.006740352641159666, 0.004852679394220095;
}

probability ( scm10swa | variable194 ) {
	(state0) 0.5841096882682747, 0.35306464996868386, 0.05561464738601875, 0.007211014377022666;
	(state1) 0.6184294444729412, 0.31839625090896573, 0.05660619737842931, 0.006568107239663589;
	(state2) 0.290638019469915, 0.40649360880972285, 0.26060092268687923, 0.042267449033482896;
	(state3) 0.86382453981105, 0.1070721987886195, 0.02438830334055443, 0.004714958059776057;
}

probability ( scm11spe | variable188 ) {
	(state0) 0.6820803310438996, 0.27329339041846823, 0.02760812175596699, 0.017018156781665062;
	(state1) 0.24043461474727335, 0.649303190319253, 0.10051413661202557, 0.009748058321448034;
	(state2) 0.031365641880949105, 0.3521919429696572, 0.5714121799002966, 0.04503023524909703;
}

probability ( scm12fee | variable188 ) {
	(state0) 0.7861845639440721, 0.18968943617672845, 0.01772476218231021, 0.006401237696889224;
	(state1) 0.15016846959522273, 0.7712419860150933, 0.07246124571534344, 0.006128298674340447;
	(state2) 0.013722403899095105, 0.22094183960452085, 0.6302383134835564, 0.13509744301282767;
}

probability ( scm13dre | variable188 ) {
	(state0) 0.7072742741205338, 0.2730940822887677, 0.014078176503821904, 0.0055534670868767075;
	(state1) 0.015380005432638271, 0.839593277181677, 0.1417053591502778, 0.003321358235407047;
	(state2) 0.011390765570359508, 0.10164445565369963, 0.7068677194135704, 0.18009705936237044;
}

probability ( scm14hyg | variable188 ) {
	(state0) 0.7571974414921946, 0.22692851572455003, 0.0103205756933663, 0.005553467089889103;
	(state1) 0.054621900414365675, 0.8837773586933021, 0.058279379923823794, 0.0033213609685083466;
	(state2) 0.01358625706829531, 0.12426329015652524, 0.6933094919339888, 0.1688409608411906;
}

probability ( scm15cha | variable188 ) {
	(state0) 0.7844681561486139, 0.19942153307143748, 0.010556843688081873, 0.005553467091866661;
	(state1) 0.11864940558904762, 0.7420049566615771, 0.13602310855607982, 0.003322529193295609;
	(state2) 0.011462091415812056, 0.16523078214671652, 0.5981896785845116, 0.2251174478529599;
}

probability ( scm16wal | variable188 ) {
	(state0) 0.6522700225083471, 0.3339214657172944, 0.008255010162990345, 0.005553501611368199;
	(state1) 0.0815919302748408, 0.820351813607944, 0.0945278429341984, 0.0035284131830167318;
	(state2) 0.033549958860442784, 0.1561283702208791, 0.6309264141181228, 0.17939525680055554;
}

probability ( scm17han | variable188 ) {
	(state0) 0.36600183887943316, 0.5579643572118724, 0.06008032171460385, 0.015953482194090582;
	(state1) 0.060091082046727855, 0.6732227290120666, 0.258013664160067, 0.008672524781138523;
	(state2) 0.011278367164372782, 0.1668940449110474, 0.5121042511001828, 0.3097233368243971;
}

probability ( scm18dpr | variable184 ) {
	(state0) 0.6132326490466644, 0.36658561764551806, 0.011924945340216514, 0.008256787967600949;
	(state1) 0.010326417298354514, 0.4319423299822532, 0.34334385107207216, 0.21438740164732026;
	(state2) 0.9059246885584501, 0.04262319566467529, 0.025309555126405942, 0.026142560650468757;
	(state3) 0.907255094395034, 0.06746732553657515, 0.021504854334047776, 0.00377272573434298;
}

probability ( scm19dsv | variable184 ) {
	(state0) 0.621855019782945, 0.35411591243221163, 0.01662176442240587, 0.007407303362437553;
	(state1) 0.010948496933636271, 0.37688095436958424, 0.43062585943697845, 0.18154468925980102;
	(state2) 0.9019912817635047, 0.02568104847710336, 0.04612267448975275, 0.02620499526963911;
	(state3) 0.9103515987764674, 0.06346495195597641, 0.019050775240301302, 0.0071326740272549035;
}

probability ( scm20fpr | variable184 ) {
	(state0) 0.016273564896506564, 0.9372222102343353, 0.03942352398554724, 0.007080700883610858;
	(state1) 0.02783092741428073, 0.3512257548848899, 0.49151290667033054, 0.12943041103049882;
	(state2) 0.03196703822737995, 0.2246574823276285, 0.5861852651161056, 0.15719021432888583;
	(state3) 0.9806150275872034, 0.010759076450758387, 0.0048434334442374865, 0.003782462517800676;
}

probability ( scm21fsv | variable184 ) {
	(state0) 0.06004764488178443, 0.833312187167485, 0.09981763008948455, 0.006822537861246223;
	(state1) 0.01383831417977717, 0.20128295457631007, 0.6035846546473816, 0.18129407659653102;
	(state2) 0.02800814683739487, 0.14161540344917334, 0.5825917702401593, 0.2477846794732725;
	(state3) 0.981587267126353, 0.008637568884081922, 0.005993363988345542, 0.003781800001219385;
}

probability ( variable184 | variable198 ) {
	(state0) 0.05820051996219983, 0.5130759794680664, 0.2998126662669322, 0.12891083430280165;
	(state1) 0.11776666239163316, 0.026553666390828765, 0.010432404347199147, 0.8452472668703389;
	(state2) 0.4239203684905886, 0.22366671251152542, 0.05517458367113257, 0.2972383353267534;
}

probability ( variable188 | variable198 ) {
	(state0) 0.02737368342734949, 0.05878803557264185, 0.9138382810000087;
	(state1) 0.8456541334467723, 0.1429246918363618, 0.011421174716865878;
	(state2) 0.03021061303000875, 0.9497111515564047, 0.02007823541358653;
}

probability ( variable194 | variable198 ) {
	(state0) 0.1565414674104017, 0.056747893371962954, 0.7531575280226435, 0.033553111194991846;
	(state1) 0.0329410961437709, 0.036743239348746085, 0.005774637755333973, 0.924541026752149;
	(state2) 0.41629238804174284, 0.4931601064675783, 0.007771197798438937, 0.08277630769223993;
}

probability ( variable198 ) {
	table 0.15235510478086267, 0.35096882408403995, 0.4966760711350974;
}

