network HLCM426 {
}

variable scm1rue {
	type discrete[4] { 0, 1, 2, 3 };
}

variable scm1lue {
	type discrete[4] { 0, 1, 2, 3 };
}

variable scm2rue {
	type discrete[4] { 0, 1, 2, 3 };
}

variable scm2lue {
	type discrete[4] { 0, 1, 2, 3 };
}

variable scm3rue {
	type discrete[4] { 0, 1, 2, 3 };
}

variable scm3lue {
	type discrete[4] { 0, 1, 2, 3 };
}

variable scm4rue {
	type discrete[4] { 0, 1, 2, 3 };
}

variable scm4lue {
	type discrete[4] { 0, 1, 2, 3 };
}

variable scm5rise {
	type discrete[4] { 0, 1, 2, 3 };
}

variable scm6post {
	type discrete[4] { 0, 1, 2, 3 };
}

variable scm7gait {
	type discrete[4] { 0, 1, 2, 3 };
}

variable scm8spee {
	type discrete[4] { 0, 1, 2, 3 };
}

variable scm9free {
	type discrete[4] { 0, 1, 2, 3 };
}

variable scm10swa {
	type discrete[4] { 0, 1, 2, 3 };
}

variable scm11spe {
	type discrete[4] { 0, 1, 2, 3 };
}

variable scm12fee {
	type discrete[4] { 0, 1, 2, 3 };
}

variable scm13dre {
	type discrete[4] { 0, 1, 2, 3 };
}

variable scm14hyg {
	type discrete[4] { 0, 1, 2, 3 };
}

variable scm15cha {
	type discrete[4] { 0, 1, 2, 3 };
}

variable scm16wal {
	type discrete[4] { 0, 1, 2, 3 };
}

variable scm17han {
	type discrete[4] { 0, 1, 2, 3 };
}

variable scm18dpr {
	type discrete[4] { 0, 1, 2, 3 };
}

variable scm19dsv {
	type discrete[4] { 0, 1, 2, 3 };
}

variable scm20fpr {
	type discrete[4] { 0, 1, 2, 3 };
}

variable scm21fsv {
	type discrete[4] { 0, 1, 2, 3 };
}

variable variable76 {
	type discrete[6] { state0, state1, state2, state3, state4, state5 };
}

variable variable78 {
	type discrete[3] { state0, state1, state2 };
}

variable variable83 {
	type discrete[3] { state0, state1, state2 };
}

variable variable88 {
	type discrete[3] { state0, state1, state2 };
}

probability ( scm1rue | variable83 ) {
	(state0) 0.6787905445176013, 0.20895073760611024, 0.10530709658951602, 0.006951621286772294;
	(state1) 0.5446379408703871, 0.26613191756053634, 0.17613106601821182, 0.013099075550864887;
	(state2) 0.3751578475481629, 0.1911724549829485, 0.2543028768014974, 0.1793668206673912;
}

probability ( scm1lue | variable83 ) {
	(state0) 0.6784797339498579, 0.21733229048523753, 0.08222182077115067, 0.02196615479375385;
	(state1) 0.4986945670758138, 0.29623600124609023, 0.16663833144318177, 0.03843110023491428;
	(state2) 0.5183148360379607, 0.12384720966787893, 0.19624076123576573, 0.16159719305839465;
}

probability ( scm2rue | variable83 ) {
	(state0) 0.6465887625069204, 0.2646184973405122, 0.08184112421510051, 0.006951615937467006;
	(state1) 0.5273679788705105, 0.3669585703072366, 0.09890487554981922, 0.006768575272433715;
	(state2) 0.43325938043745144, 0.2938972550610775, 0.14794496867364523, 0.12489839582782594;
}

probability ( scm2lue | variable83 ) {
	(state0) 0.6127216684591157, 0.3133207702753073, 0.054708291206612844, 0.01924927005896425;
	(state1) 0.48779320819191657, 0.393057087212264, 0.10456910818646831, 0.01458059640935113;
	(state2) 0.44864476381825324, 0.2768080378739848, 0.16667493463054903, 0.10787226367721302;
}

probability ( scm3rue | variable83 ) {
	(state0) 0.3950739445755239, 0.5302899431365758, 0.060719012668433235, 0.013917099619467042;
	(state1) 0.15930411784373247, 0.46883662924905023, 0.35220514847142104, 0.01965410443579633;
	(state2) 0.03699049997321547, 0.12146368196517142, 0.4830253779099365, 0.35852044015167656;
}

probability ( scm3lue | variable83 ) {
	(state0) 0.36153047675005845, 0.4379430467332023, 0.1791667892982888, 0.021359687218450475;
	(state1) 0.098677623364384, 0.46047850263891055, 0.3945177465061417, 0.04632612749056373;
	(state2) 0.05485523292289483, 0.11338501730983555, 0.42142444292954173, 0.41033530683772784;
}

probability ( scm4rue | variable83 ) {
	(state0) 0.4272365536510089, 0.5166553531954803, 0.042175084754986325, 0.013933008398524556;
	(state1) 0.12155595683887661, 0.5922035683753551, 0.2668666704501437, 0.019373804335624575;
	(state2) 0.05640742393716227, 0.2521010154951726, 0.49339021582083054, 0.19810134474683447;
}

probability ( scm4lue | variable83 ) {
	(state0) 0.43739065265788846, 0.44152600454778, 0.10876346196900726, 0.012319880825324148;
	(state1) 0.10577989059574824, 0.5409320877933758, 0.3386287613804675, 0.014659260230408555;
	(state2) 0.09089382696853948, 0.2622099699439677, 0.39606102246446445, 0.2508351806230284;
}

probability ( scm5rise | variable83 ) {
	(state0) 0.8006779434293323, 0.17738787931965405, 0.013791887031026202, 0.008142290219987426;
	(state1) 0.3105539570211819, 0.552947738210583, 0.1246940292518524, 0.011804275516382976;
	(state2) 0.03286971522373362, 0.05056023952332271, 0.4682001180724443, 0.44836992718049934;
}

probability ( scm6post | variable83 ) {
	(state0) 0.8145770549275134, 0.14506285017709683, 0.0333964752177189, 0.006963619677670763;
	(state1) 0.24952984496099648, 0.4823748414582227, 0.25492819788142784, 0.013167115699352973;
	(state2) 0.03704625452051095, 0.07432569330142051, 0.5841473501636658, 0.30448070201440275;
}

probability ( scm7gait | variable83 ) {
	(state0) 0.5373970735514401, 0.4457994149514537, 0.00984852409276792, 0.006954987404338302;
	(state1) 0.057459175784574705, 0.7709046482575996, 0.16501733382614947, 0.006618842131676339;
	(state2) 0.017927993461618212, 0.04004496305841308, 0.745115106773025, 0.1969119367069437;
}

probability ( scm8spee | variable83 ) {
	(state0) 0.6480148395020893, 0.303089663560922, 0.041943881195680155, 0.006951615741308832;
	(state1) 0.14341839425252875, 0.7826040517957291, 0.06736476382981074, 0.006612790121931273;
	(state2) 0.01940012264698304, 0.3042912643009526, 0.46146744266558637, 0.21484117038647801;
}

probability ( scm9free | variable83 ) {
	(state0) 0.820859656579602, 0.11380823886669192, 0.05145404374505168, 0.013878060808654356;
	(state1) 0.4971602432877067, 0.3551953977467698, 0.13524031717999496, 0.01240404178552838;
	(state2) 0.1378618705582008, 0.19495872038145062, 0.4679608688042574, 0.19921854025609118;
}

probability ( scm10swa | variable83 ) {
	(state0) 0.7901711113670946, 0.14818445345956194, 0.048298518421349045, 0.013345916751994378;
	(state1) 0.5945461664258179, 0.336459281170845, 0.06190658993526075, 0.007087962468076378;
	(state2) 0.18585450604065185, 0.40783239643350333, 0.3345569460628619, 0.07175615146298292;
}

probability ( scm11spe | variable78 ) {
	(state0) 0.04948030534118633, 0.38496193140230234, 0.4228402186695652, 0.14271754458694602;
	(state1) 0.2967988706747499, 0.6507071364357491, 0.04679841691338369, 0.005695575976117279;
	(state2) 0.8079044755821273, 0.16434347631328455, 0.018850825095795738, 0.008901223008792345;
}

probability ( scm12fee | variable78 ) {
	(state0) 0.032535423292268564, 0.15503390710852058, 0.6664379311178091, 0.14599273848140173;
	(state1) 0.12371775571459104, 0.7523732867181333, 0.11369468814530119, 0.010214269421974596;
	(state2) 0.7051910246940524, 0.27692057391213926, 0.008987148866002234, 0.008901252527806113;
}

probability ( scm13dre | variable78 ) {
	(state0) 0.03595429414801223, 0.03434446821264489, 0.7076933324191527, 0.22200790522019015;
	(state1) 0.032544258620321, 0.7832457273074244, 0.17851509230521478, 0.005694921767040011;
	(state2) 0.5876416512436329, 0.3943252660174085, 0.009131859954564182, 0.00890122278439432;
}

probability ( scm14hyg | variable78 ) {
	(state0) 0.030045864045295655, 0.08767546028420026, 0.6602707704503139, 0.22200790522019015;
	(state1) 0.03959328352104706, 0.8843181910739241, 0.07039360363798879, 0.00569492176704001;
	(state2) 0.6333477961486428, 0.3488318103391883, 0.008919170727774563, 0.008901222784394322;
}

probability ( scm15cha | variable78 ) {
	(state0) 0.01585893348447842, 0.08984528325054776, 0.6333474799838313, 0.2609483032811424;
	(state1) 0.08104808975848041, 0.6993629729583993, 0.19381674937736412, 0.025772187905756253;
	(state2) 0.6388254298966834, 0.3251580581243397, 0.02694689776392148, 0.009069614215055385;
}

probability ( scm16wal | variable78 ) {
	(state0) 0.016258146018443376, 0.09923375347501846, 0.6466432636854722, 0.23786483682106596;
	(state1) 0.07201233562846665, 0.7642776596674459, 0.15232213399746458, 0.011387870706622893;
	(state2) 0.5281072071142676, 0.43205512642484467, 0.030932926024093636, 0.008904740436794201;
}

probability ( scm17han | variable78 ) {
	(state0) 0.03302066122570251, 0.1744092912146601, 0.5689940973010115, 0.22357595025862603;
	(state1) 0.10879925997615497, 0.689953241940402, 0.1777230091932779, 0.023524488890165198;
	(state2) 0.3899899563665738, 0.5327312526771729, 0.052619433050880404, 0.02465935790537283;
}

probability ( scm18dpr | variable76 ) {
	(state0) 0.72702338486032, 0.12718130141161912, 0.09489992852028827, 0.050895385207772724;
	(state1) 0.018452955029426434, 0.2243344024568162, 0.6027609809157289, 0.1544516615980284;
	(state2) 0.8676418150053713, 0.06362806299632012, 0.019463178207914673, 0.04926694379039396;
	(state3) 0.01936686911941074, 0.7862012168866724, 0.16079966918254052, 0.03363224481137631;
	(state4) 0.9728790451153722, 0.011998083634438553, 0.007381935271819051, 0.007740935978370248;
	(state5) 0.103081667931998, 0.5969586851049659, 0.18434387626290968, 0.11561577070012648;
}

probability ( scm19dsv | variable76 ) {
	(state0) 0.8000841141356048, 0.08029359182482737, 0.06360164797453342, 0.05602064606503452;
	(state1) 0.022477441089944542, 0.19281157650180247, 0.5334457965428392, 0.2512651858654138;
	(state2) 0.9113694175282401, 0.022907853541913863, 0.03392867008255025, 0.03179405884729569;
	(state3) 0.02407816668607487, 0.7087406507008429, 0.2443436237662829, 0.022837558846799427;
	(state4) 0.9764833602128339, 0.008502781232042421, 0.007684478019508046, 0.007329380535615408;
	(state5) 0.05944893766198623, 0.8169830958477142, 0.083659055330167, 0.0399089111601325;
}

probability ( scm20fpr | variable76 ) {
	(state0) 0.04777389926367078, 0.07376358241119686, 0.7416279320400649, 0.13683458628506734;
	(state1) 0.017604192596020498, 0.05793093260613466, 0.751297647245975, 0.17316722755186986;
	(state2) 0.0250519877949187, 0.8414528526050415, 0.1156862617898753, 0.017808897810164495;
	(state3) 0.03855839974278243, 0.9036906767948477, 0.042223780766466316, 0.015527142695903691;
	(state4) 0.9684115928682704, 0.016128517659141597, 0.008060691447183977, 0.007399198025404006;
	(state5) 0.7765035274144275, 0.1034779725162822, 0.08083609215039379, 0.03918240791889637;
}

probability ( scm21fsv | variable76 ) {
	(state0) 0.052922105663040536, 0.07350421539251366, 0.7336700786406035, 0.1399036003038424;
	(state1) 0.03506294695302566, 0.0180913103808365, 0.5874312003341904, 0.3594145423319475;
	(state2) 0.03641774368733318, 0.8122289630117602, 0.1334282234064765, 0.017925069894430094;
	(state3) 0.023475880434806046, 0.7086915358478038, 0.23405178620823108, 0.03378079750915908;
	(state4) 0.9729699072359319, 0.01211441360028728, 0.007516435607012762, 0.007399243556768115;
	(state5) 0.8384511817656415, 0.06817868981836626, 0.0532075099546367, 0.04016261846135544;
}

probability ( variable76 | variable88 ) {
	(state0) 0.14086889895021007, 0.5519745538285954, 0.03189085989482255, 0.11675517953851546, 0.13663303220764106, 0.021877475580215657;
	(state1) 0.05767296529211169, 0.09820946347621747, 0.19859860946847097, 0.2712324677914439, 0.2884210556089095, 0.08586543836284645;
	(state2) 0.017916450635446644, 0.03609221726940282, 0.1653309615476009, 0.08761199450249103, 0.6221108256699074, 0.07093755037515123;
}

probability ( variable78 | variable88 ) {
	(state0) 0.9591346401523821, 0.02328389773513111, 0.017581462112486734;
	(state1) 0.010715626838250954, 0.9673851909306942, 0.021899182231054835;
	(state2) 0.008728322179229399, 0.1292862007045341, 0.8619854771162365;
}

probability ( variable83 | variable88 ) {
	(state0) 0.051009410585564824, 0.10103188842790645, 0.8479587009865287;
	(state1) 0.12882026796158658, 0.8624716456143545, 0.008708086424058794;
	(state2) 0.9595192834608421, 0.03187444461535469, 0.008606271923803135;
}

probability ( variable88 ) {
	table 0.1747473809187225, 0.4691568377402557, 0.3560957813410219;
}

