network HLCM180 {
}

variable scm1rue {
	type discrete[4] { 0, 1, 2, 3 };
}

variable scm1lue {
	type discrete[4] { 0, 1, 2, 3 };
}

variable scm2rue {
	type discrete[4] { 0, 1, 2, 3 };
}

variable scm2lue {
	type discrete[4] { 0, 1, 2, 3 };
}

variable scm3rue {
	type discrete[4] { 0, 1, 2, 3 };
}

variable scm3lue {
	type discrete[4] { 0, 1, 2, 3 };
}

variable scm4rue {
	type discrete[4] { 0, 1, 2, 3 };
}

variable scm4lue {
	type discrete[4] { 0, 1, 2, 3 };
}

variable scm5rise {
	type discrete[4] { 0, 1, 2, 3 };
}

variable scm6post {
	type discrete[4] { 0, 1, 2, 3 };
}

variable scm7gait {
	type discrete[4] { 0, 1, 2, 3 };
}

variable scm9free {
	type discrete[4] { 0, 1, 2, 3 };
}

variable scm18dpr {
	type discrete[4] { 0, 1, 2, 3 };
}

variable scm19dsv {
	type discrete[4] { 0, 1, 2, 3 };
}

variable scm20fpr {
	type discrete[4] { 0, 1, 2, 3 };
}

variable scm21fsv {
	type discrete[4] { 0, 1, 2, 3 };
}

variable scm8spee {
	type discrete[4] { 0, 1, 2, 3 };
}

variable scm10swa {
	type discrete[4] { 0, 1, 2, 3 };
}

variable scm11spe {
	type discrete[4] { 0, 1, 2, 3 };
}

variable scm12fee {
	type discrete[4] { 0, 1, 2, 3 };
}

variable scm13dre {
	type discrete[4] { 0, 1, 2, 3 };
}

variable scm14hyg {
	type discrete[4] { 0, 1, 2, 3 };
}

variable scm15cha {
	type discrete[4] { 0, 1, 2, 3 };
}

variable scm16wal {
	type discrete[4] { 0, 1, 2, 3 };
}

variable scm17han {
	type discrete[4] { 0, 1, 2, 3 };
}

variable variable42 {
	type discrete[3] { state0, state1, state2 };
}

variable variable47 {
	type discrete[3] { state0, state1, state2 };
}

variable variable51 {
	type discrete[2] { state0, state1 };
}

probability ( scm1rue | variable47 ) {
	(state0) 0.5505000765307149, 0.2719448344307908, 0.17170929409693828, 0.005845794941556024;
	(state1) 0.7418929322852529, 0.17212904046362848, 0.07731932652383457, 0.008658700727284096;
	(state2) 0.3165099073927253, 0.22781532002283203, 0.28014316168418746, 0.17553161090025532;
}

probability ( scm1lue | variable47 ) {
	(state0) 0.5701680476715529, 0.24356818229566846, 0.1568126939257514, 0.02945107610702719;
	(state1) 0.6532026731893553, 0.26881354244457584, 0.052735953023497574, 0.025247831342571334;
	(state2) 0.4446526457580031, 0.15648799658557414, 0.23909192002676852, 0.1597674376296542;
}

probability ( scm2rue | variable47 ) {
	(state0) 0.580721393237346, 0.3139543262892923, 0.0994863999519772, 0.005837880521384504;
	(state1) 0.641640824789085, 0.31376257354751014, 0.03605836450626774, 0.008538237157137042;
	(state2) 0.35750533274684126, 0.3111496956716671, 0.21948608845085624, 0.11185888313063547;
}

probability ( scm2lue | variable47 ) {
	(state0) 0.5673692305372321, 0.3327226226814048, 0.08823061325988797, 0.011677533521475185;
	(state1) 0.5744529511162659, 0.36541937864785984, 0.04301689065600742, 0.017110779579866866;
	(state2) 0.36000853536990546, 0.32289014484502077, 0.20531237042019843, 0.1117889493648753;
}

probability ( scm3rue | variable47 ) {
	(state0) 0.2775638207225139, 0.536982168295534, 0.1728087443473414, 0.01264526663461059;
	(state1) 0.2793302579745808, 0.47012424176639384, 0.2246498341391776, 0.025895666119847827;
	(state2) 0.04374819957919253, 0.11111769842501933, 0.5287170915849528, 0.3164170104108352;
}

probability ( scm3lue | variable47 ) {
	(state0) 0.26251064608015945, 0.43004343816564655, 0.2688544598890869, 0.0385914558651073;
	(state1) 0.196371687876542, 0.48217301837218324, 0.2909340557765745, 0.03052123797470024;
	(state2) 0.03248534805872373, 0.14158897156884448, 0.4613487479363999, 0.36457693243603184;
}

probability ( scm4rue | variable47 ) {
	(state0) 0.2905906790339451, 0.5754728635988314, 0.12226101722915915, 0.011675440138064316;
	(state1) 0.26578673915511036, 0.565353644521126, 0.15100239885354255, 0.017857217470220982;
	(state2) 0.03343904472013588, 0.21103784445774912, 0.56522569715984, 0.19029741366227504;
}

probability ( scm4lue | variable47 ) {
	(state0) 0.29876050054230574, 0.4822114840961608, 0.21308735453201005, 0.005940660829523371;
	(state1) 0.2454388782345856, 0.5247575775932664, 0.20453162701967764, 0.025271917152470454;
	(state2) 0.06514051165978803, 0.25466460811873054, 0.4561177259710429, 0.22407715425043856;
}

probability ( scm5rise | variable47 ) {
	(state0) 0.6402854920801629, 0.3190609924550429, 0.03464503726013511, 0.006008478204659045;
	(state1) 0.45414799376867926, 0.4201197871122216, 0.10643722426315144, 0.019294994855947628;
	(state2) 0.018048721871117356, 0.1300646478162134, 0.45700857976746967, 0.39487805054519964;
}

probability ( scm6post | variable47 ) {
	(state0) 0.6875962412808505, 0.2460700077795281, 0.06022442349659325, 0.006109327443028176;
	(state1) 0.30149405188640555, 0.4160215771243583, 0.2656767104875499, 0.016807660501686198;
	(state2) 0.06240494899718052, 0.11381307613063109, 0.5523642083704108, 0.2714177665017776;
}

probability ( scm7gait | variable47 ) {
	(state0) 0.3869021470176681, 0.5712104309927277, 0.035878970608367484, 0.006008451381236565;
	(state1) 0.16840644766645277, 0.6678830333572887, 0.1551692686346083, 0.00854125034165025;
	(state2) 0.015991240426355267, 0.11070308086517971, 0.6979994760517566, 0.1753062026567084;
}

probability ( scm9free | variable47 ) {
	(state0) 0.8093000556744163, 0.16196714028101136, 0.022891280838728257, 0.005841523205844108;
	(state1) 0.44315152770636207, 0.35250984525424817, 0.17887626140510837, 0.025462365634281482;
	(state2) 0.16724760986880857, 0.19124108000370885, 0.4654591416945154, 0.17605216843296714;
}

probability ( scm18dpr | variable47 ) {
	(state0) 0.8840862233580966, 0.07807924680166724, 0.020708425934888357, 0.017126103905347898;
	(state1) 0.27722847497482733, 0.470018944646718, 0.19242360603221428, 0.060328974346240336;
	(state2) 0.25711098733152704, 0.24886706295859373, 0.3981380705727306, 0.09588387913714877;
}

probability ( scm19dsv | variable47 ) {
	(state0) 0.879975190623058, 0.10272149911024749, 0.011452179359750625, 0.0058511309069439665;
	(state1) 0.31738631577640586, 0.39175943532917157, 0.23884957287860067, 0.052004676015821864;
	(state2) 0.2571213469642161, 0.2479909507230072, 0.320600620889447, 0.17428708142332971;
}

probability ( scm20fpr | variable47 ) {
	(state0) 0.8264063105078716, 0.1489920157276654, 0.018762031878727648, 0.005839641885735534;
	(state1) 0.03250465695089376, 0.6607851518035267, 0.2896201335439836, 0.017090057701595995;
	(state2) 0.15394355292743778, 0.16112422874933158, 0.5091845928769737, 0.17574762544625688;
}

probability ( scm21fsv | variable47 ) {
	(state0) 0.8394311333257415, 0.1415148307267659, 0.013185560274223471, 0.005868475673269172;
	(state1) 0.03045558995949732, 0.55244942109684, 0.3658578798308486, 0.051237109112814136;
	(state2) 0.17006594196844813, 0.09672177645423853, 0.42969631706825584, 0.3035159645090576;
}

probability ( scm8spee | variable42 ) {
	(state0) 0.7137042591669281, 0.24970345986322487, 0.02743737435599041, 0.009154906613856508;
	(state1) 0.01740759785564755, 0.33761212114386907, 0.46793895338104113, 0.17704132761944233;
	(state2) 0.21186173615510984, 0.7405159196452648, 0.04187481583013486, 0.005747528369490591;
}

probability ( scm10swa | variable42 ) {
	(state0) 0.8681119748396185, 0.09442350506646602, 0.02830961348416004, 0.009154906609755391;
	(state1) 0.19458752879425648, 0.3979993231725194, 0.33364595204551456, 0.07376719598770967;
	(state2) 0.6091559080275075, 0.33168528483561155, 0.05341127625961316, 0.005747530877267834;
}

probability ( scm11spe | variable42 ) {
	(state0) 0.8476619361270306, 0.12396600139864881, 0.019217155860474854, 0.009154906613846011;
	(state1) 0.046302361188620925, 0.39312246348689134, 0.427794186040253, 0.13278098928423476;
	(state2) 0.28893107208590635, 0.6713842128555322, 0.03393718709292382, 0.00574752796563762;
}

probability ( scm12fee | variable42 ) {
	(state0) 0.7242757869838776, 0.2563351991280831, 0.01023393538432858, 0.009155078503710858;
	(state1) 0.029664399428054593, 0.15905825326949033, 0.666902082539438, 0.1443752647630172;
	(state2) 0.1257322408000644, 0.7714267964515006, 0.09586282090378631, 0.006978141844648588;
}

probability ( scm13dre | variable42 ) {
	(state0) 0.5743493334333417, 0.399973696010334, 0.016522063946774, 0.009154906609550234;
	(state1) 0.019112893552104035, 0.0568788457093166, 0.7174600115541221, 0.2065482491844573;
	(state2) 0.05728973186577952, 0.7842783376969461, 0.1526844132264587, 0.0057475172108157795;
}

probability ( scm14hyg | variable42 ) {
	(state0) 0.6364427170240821, 0.34516252636712674, 0.00923984999924091, 0.009154906609550234;
	(state1) 0.018953644847236214, 0.15876571578038104, 0.6157323901879255, 0.2065482491844573;
	(state2) 0.052854194626871284, 0.8709572725155632, 0.07044101564674968, 0.005747517210815779;
}

probability ( scm15cha | variable42 ) {
	(state0) 0.6358329130713922, 0.32251512788096987, 0.025554194958308747, 0.016097764089329128;
	(state1) 0.014755384886358936, 0.09855911007983596, 0.6200553267564863, 0.2666301782773188;
	(state2) 0.09510517198166091, 0.7074671428105033, 0.18496002855404886, 0.01246765665378695;
}

probability ( scm16wal | variable42 ) {
	(state0) 0.5161474520748955, 0.4353437610304218, 0.03934430270641165, 0.009164484188271054;
	(state1) 0.015949458706271593, 0.14449600603361729, 0.6182635916732555, 0.22129094358685583;
	(state2) 0.08931416104457426, 0.7566772224178425, 0.14251540677344196, 0.011493209764141093;
}

probability ( scm17han | variable42 ) {
	(state0) 0.4121611487624861, 0.5217578797351679, 0.047415270857787385, 0.018665700644558712;
	(state1) 0.030021610868061023, 0.20562794374803323, 0.5431300707884309, 0.2212203745954749;
	(state2) 0.10313527805422566, 0.6958531246984396, 0.17821327820112515, 0.022798319046209707;
}

probability ( variable42 | variable51 ) {
	(state0) 0.01617354186202947, 0.8733282229281072, 0.11049823520986325;
	(state1) 0.3894545330457891, 0.008466644321474887, 0.602078822632736;
}

probability ( variable47 | variable51 ) {
	(state0) 0.023524468516379026, 0.17119309407747219, 0.8052824374061488;
	(state1) 0.615402498653276, 0.3770735668300607, 0.007523934516663207;
}

probability ( variable51 ) {
	table 0.20727829091601982, 0.7927217090839802;
}

