network BayesNet530 {
}

variable scm1rue {
	type discrete[4] { 0, 1, 2, 3 };
}

variable scm1lue {
	type discrete[4] { 0, 1, 2, 3 };
}

variable scm2rue {
	type discrete[4] { 0, 1, 2, 3 };
}

variable scm2lue {
	type discrete[4] { 0, 1, 2, 3 };
}

variable scm3rue {
	type discrete[4] { 0, 1, 2, 3 };
}

variable scm3lue {
	type discrete[4] { 0, 1, 2, 3 };
}

variable scm4rue {
	type discrete[4] { 0, 1, 2, 3 };
}

variable scm4lue {
	type discrete[4] { 0, 1, 2, 3 };
}

variable scm5rise {
	type discrete[4] { 0, 1, 2, 3 };
}

variable scm6post {
	type discrete[4] { 0, 1, 2, 3 };
}

variable scm7gait {
	type discrete[4] { 0, 1, 2, 3 };
}

variable scm8spee {
	type discrete[4] { 0, 1, 2, 3 };
}

variable scm9free {
	type discrete[4] { 0, 1, 2, 3 };
}

variable scm10swa {
	type discrete[4] { 0, 1, 2, 3 };
}

variable scm11spe {
	type discrete[4] { 0, 1, 2, 3 };
}

variable scm12fee {
	type discrete[4] { 0, 1, 2, 3 };
}

variable scm13dre {
	type discrete[4] { 0, 1, 2, 3 };
}

variable scm14hyg {
	type discrete[4] { 0, 1, 2, 3 };
}

variable scm15cha {
	type discrete[4] { 0, 1, 2, 3 };
}

variable scm16wal {
	type discrete[4] { 0, 1, 2, 3 };
}

variable scm17han {
	type discrete[4] { 0, 1, 2, 3 };
}

variable scm18dpr {
	type discrete[4] { 0, 1, 2, 3 };
}

variable scm19dsv {
	type discrete[4] { 0, 1, 2, 3 };
}

variable scm20fpr {
	type discrete[4] { 0, 1, 2, 3 };
}

variable scm21fsv {
	type discrete[4] { 0, 1, 2, 3 };
}

variable variable95 {
	type discrete[2] { state0, state1 };
}

variable variable100 {
	type discrete[2] { state0, state1 };
}

variable variable105 {
	type discrete[2] { state0, state1 };
}

probability ( scm1rue | variable95 ) {
	(state0) 0.6500582743401395, 0.2283868560654142, 0.1176143374199779, 0.003940532174468507;
	(state1) 0.293545531884216, 0.23884039609334415, 0.31542804936440944, 0.1521860226580304;
}

probability ( scm1lue | variable95 ) {
	(state0) 0.6304448605666947, 0.25302142758485135, 0.09641618106384273, 0.02011753078461141;
	(state1) 0.3827652252620321, 0.17217675750721997, 0.28524758204890166, 0.15981043518184626;
}

probability ( scm2rue | variable95 ) {
	(state0) 0.6328626475467825, 0.30126627934987793, 0.062238356833550945, 0.003632716269788811;
	(state1) 0.3037731591887968, 0.3634581980941378, 0.2351711978600649, 0.09759744485700057;
}

probability ( scm2lue | variable95 ) {
	(state0) 0.5945847108349677, 0.3469930872420507, 0.05115639064083764, 0.007265811282143997;
	(state1) 0.3112606899451964, 0.3273815526553216, 0.24981930569665464, 0.11153845170282747;
}

probability ( scm3rue | variable95 ) {
	(state0) 0.2912266934862691, 0.5255802946392614, 0.16798942304818895, 0.015203588826280461;
	(state1) 0.02554316674141082, 0.11600044058915726, 0.5821885375022886, 0.2762678551671433;
}

probability ( scm3lue | variable95 ) {
	(state0) 0.24688439170454454, 0.47203029254367496, 0.25568575377433705, 0.025399561977443374;
	(state1) 0.014478521025247099, 0.11239038293210099, 0.5244558817547932, 0.3486752142878587;
}

probability ( scm4rue | variable95 ) {
	(state0) 0.2940742500415865, 0.6020410855407751, 0.09661787890850605, 0.007266785509132276;
	(state1) 0.014614111995599007, 0.1571602998131323, 0.6469783886340548, 0.1812471995572139;
}

probability ( scm4lue | variable95 ) {
	(state0) 0.29418681399111957, 0.5327017271675205, 0.16552085076737869, 0.007590608073981068;
	(state1) 0.028124583708784182, 0.17232303509058564, 0.5916630329431568, 0.20788934825747324;
}

probability ( scm5rise | variable105 ) {
	(state0) 0.6081576994661181, 0.3565314215050772, 0.03120273168705429, 0.004108147341750314;
	(state1) 0.14445582256164388, 0.23376374594930868, 0.37076924691602, 0.2510111845730275;
}

probability ( scm6post | variable105 ) {
	(state0) 0.6129122920879168, 0.3261121754104621, 0.05681686474885581, 0.004158667752765363;
	(state1) 0.06570243138694497, 0.17009013522447383, 0.5905491869946641, 0.17365824639391708;
}

probability ( scm7gait | variable105 ) {
	(state0) 0.3417187480630959, 0.6236539454675475, 0.030519159945811544, 0.0041081465235449765;
	(state1) 0.027217115150212377, 0.2914703744762416, 0.5751154741808487, 0.1061970361926972;
}

probability ( scm8spee | variable100 ) {
	(state0) 0.47811798385741, 0.4704148331461409, 0.04571012880446362, 0.0057570541919854555;
	(state1) 0.17572762102445905, 0.5581260972403762, 0.1950348745450627, 0.07111140719010216;
}

probability ( scm9free | variable100, variable105 ) {
	(state0 state0) 0.8031836707149207, 0.16276406419898945, 0.027032403229288786, 0.007019861856800961;
	(state0 state1) 0.45603256960606275, 0.36529340891599726, 0.1496054974768085, 0.02906852400113148;
	(state1 state0) 0.5868070872667926, 0.3125987678836887, 0.08109506264487872, 0.019499082204639962;
	(state1 state1) 0.12116083378983354, 0.18867150969712623, 0.5232310386636436, 0.16693661784939653;
}

probability ( scm10swa | variable100 ) {
	(state0) 0.7750515835686564, 0.1970599726130027, 0.02228150419583293, 0.005606939622507773;
	(state1) 0.4427473133690506, 0.3492454769685793, 0.17831693202093843, 0.029690277641431714;
}

probability ( scm11spe | variable100 ) {
	(state0) 0.5794361337772198, 0.3794825996776333, 0.03542322739057947, 0.005658039154567322;
	(state1) 0.2464105088957086, 0.5239421534344929, 0.17625104044397458, 0.05339629722582415;
}

probability ( scm12fee | variable95, variable100, variable105 ) {
	(state0 state0 state0) 0.47224139302980994, 0.4837470914199869, 0.036543331190047844, 0.007468184360155285;
	(state0 state0 state1) 0.318389470691758, 0.40238948862993346, 0.23659507353276216, 0.042625967145546416;
	(state0 state1 state0) 0.29404599507136275, 0.6547714608946373, 0.04010282964543309, 0.011079714388566768;
	(state0 state1 state1) 0.08786443605990586, 0.457617737284696, 0.4228985338703999, 0.03161929278499821;
	(state1 state0 state0) 0.06790159990011309, 0.805991507664935, 0.06664139189780881, 0.059465500537143105;
	(state1 state0 state1) 0.09060020402083076, 0.32260767330922935, 0.43415306029647355, 0.15263906237346628;
	(state1 state1 state0) 0.20729704951192007, 0.287775965074119, 0.43565063747751887, 0.06927634793644201;
	(state1 state1 state1) 0.02467468266934374, 0.1293595469789845, 0.627149448055177, 0.2188163222964948;
}

probability ( scm13dre | variable95, variable105 ) {
	(state0 state0) 0.30481928030793237, 0.6589793442251164, 0.03165917319924976, 0.004542202267701486;
	(state0 state1) 0.08721669837462549, 0.36641813280187785, 0.5294481917045673, 0.01691697711892942;
	(state1 state0) 0.03700810799968633, 0.595266048152186, 0.33104398628238246, 0.03668185756574523;
	(state1 state1) 0.0356292852823549, 0.04189990873438966, 0.633585499760755, 0.28888530622250064;
}

probability ( scm14hyg | variable95, variable100, variable105 ) {
	(state0 state0 state0) 0.3665581168274505, 0.618503853746245, 0.0074699083099484635, 0.007468121116355989;
	(state0 state0 state1) 0.1138393990842999, 0.6701659986605922, 0.18036189011387904, 0.0356327121412288;
	(state0 state1 state0) 0.29731513579015845, 0.6672620788780326, 0.024343071017115, 0.011079714314693958;
	(state0 state1 state1) 0.028921501746284682, 0.42581244655362777, 0.516736206624777, 0.028529845075310395;
	(state1 state0 state0) 0.06721623302847142, 0.7417959073278748, 0.1315573729968401, 0.059430486646813475;
	(state1 state0 state1) 0.1454969804340611, 0.3227588783415901, 0.44625041486882283, 0.0854937263555259;
	(state1 state1 state0) 0.07042935748971882, 0.754407636956213, 0.10588720448586157, 0.0692758010682065;
	(state1 state1 state1) 0.02465500743144344, 0.025203789667442435, 0.6056840282743252, 0.3444571746267889;
}

probability ( scm15cha | variable95, variable105 ) {
	(state0 state0) 0.3774374370829888, 0.5526131838102453, 0.06083081915564356, 0.00911855995112255;
	(state0 state1) 0.03518346609328585, 0.3874612986196906, 0.501356938074344, 0.07599829721267959;
	(state1 state0) 0.0669059653837818, 0.6487336657484949, 0.2474683664444241, 0.03689200242329918;
	(state1 state1) 0.020641723134266054, 0.07730204776827848, 0.5823444414332758, 0.31971178766417946;
}

probability ( scm16wal | variable105 ) {
	(state0) 0.2857977804081408, 0.6645747197101279, 0.045194124516434536, 0.004433375365296743;
	(state1) 0.02347341741455023, 0.253230823397744, 0.5695916383998905, 0.15370412078781534;
}

probability ( scm17han | variable95 ) {
	(state0) 0.22811493978608585, 0.5915923299524505, 0.1510376712199713, 0.029255059041492476;
	(state1) 0.016804065098303213, 0.3924580741900885, 0.424170192567804, 0.16656766814380417;
}

probability ( scm18dpr | variable95, variable105 ) {
	(state0 state0) 0.7175628232673738, 0.19735347374609088, 0.06644076466520597, 0.018642938321329454;
	(state0 state1) 0.2819571465371803, 0.38068658662468763, 0.23764330742401638, 0.09971295941411566;
	(state1 state0) 0.5483466094240957, 0.19881201349090427, 0.21613561832971717, 0.03670575875528281;
	(state1 state1) 0.23534687824007766, 0.28115624897352975, 0.35968775399061065, 0.12380911879578192;
}

probability ( scm19dsv | variable95, variable105 ) {
	(state0 state0) 0.7259495150296409, 0.19556511869893567, 0.07296545144801438, 0.005519914823409025;
	(state0 state1) 0.3165817059538822, 0.32272047559176564, 0.24737233166645572, 0.11332548678789643;
	(state1 state0) 0.5522578006761231, 0.1838752607034243, 0.1873604018034836, 0.07650653681696899;
	(state1 state1) 0.235346914940174, 0.26522272492005067, 0.3137302811468673, 0.18570007899290797;
}

probability ( scm20fpr | variable95, variable100, variable105 ) {
	(state0 state0 state0) 0.964687473326641, 0.01174149625761537, 0.016102137897988995, 0.007468892517754868;
	(state0 state0 state1) 0.2088888936450922, 0.6969026016751866, 0.05810135992024068, 0.03610714475948042;
	(state0 state1 state0) 0.01667330686205098, 0.8154097699824775, 0.15677332392100263, 0.011143599234468806;
	(state0 state1 state1) 0.06859748785863688, 0.12609612042860302, 0.707190338206484, 0.09811605350627614;
	(state1 state0 state0) 0.6172008331745383, 0.2604021172018862, 0.06296576395292679, 0.059431285670648815;
	(state1 state0 state1) 0.5443663610196139, 0.27798879328477644, 0.09285199112109999, 0.08479285457450972;
	(state1 state1 state0) 0.07901686361426531, 0.36383348005706645, 0.4878650090587428, 0.06928464726992531;
	(state1 state1 state1) 0.07567973686855822, 0.1459128963583865, 0.5435567308170115, 0.23485063595604377;
}

probability ( scm21fsv | variable95, variable100, variable105 ) {
	(state0 state0 state0) 0.9618270213454345, 0.02242661749222647, 0.008271403144542337, 0.007474958017796702;
	(state0 state0 state1) 0.21925233572594582, 0.5937097108102533, 0.13890296134118374, 0.04813499212261724;
	(state0 state1 state0) 0.0421615573232014, 0.7035940210921429, 0.23095239364012501, 0.02329202794453071;
	(state0 state1 state1) 0.0626787873721023, 0.1402534245156723, 0.5974042453724678, 0.19966354273975756;
	(state1 state0 state0) 0.6171498035273139, 0.24046843422844455, 0.08183757538283744, 0.06054418686140404;
	(state1 state0 state1) 0.5445479259063393, 0.261385723502322, 0.10817181576308665, 0.08589453482825203;
	(state1 state1 state0) 0.07903084005693709, 0.1113341967806808, 0.6720210201441372, 0.13761394301824487;
	(state1 state1 state1) 0.1002522785568319, 0.07788971682084714, 0.43954869518400097, 0.38230930943832;
}

probability ( variable95 ) {
	table 0.7984658004730134, 0.20153419952698662;
}

probability ( variable100 ) {
	table 0.5151072669825545, 0.48489273301744545;
}

probability ( variable105 ) {
	table 0.7050409443926458, 0.29495905560735436;
}

